;Corrections to calculate VIRGO TSI from PMO6V or DIARAD level-1 data
;   values after Mission Day 7581 are extrapolated until 7609 (30:09:2016)
;   Mission Day 31.0 corresponds to 1 January 1996, 00 UTC
;   file written: Tue Aug 09 18:22:49 2016
;Algorism: VIRGO_TSI=(Rad_level_1+CorRad)*ratio_vir2Rad with Rad=PMO6V or DIARAD
;    CorRad is from table below and should be interpolated to MDay of Rad_level_1
;    if only PMO6V or DIARAD level2 are needed, no multiplication by ratio_vir2rad is needed
1.00029612 ;ratio_vir2PMO6V (f10.8)
0.99970693 ;ratio_vir2DIARAD (f10.8)
;Colums:  MissionDay, Cor_PMO6V and Cor_DIARAD formated as (i8,2f11.4)
      58    -0.4289     1.8778
      61    -0.5136     1.0011
      64    -0.5169     0.3957
      67    -0.5617     0.0618
      70    -0.5675    -0.0025
      73    -0.5200    -0.0343
      76    -0.4724    -0.0558
      79    -0.4249    -0.0370
      82    -0.3774    -0.0408
      85    -0.3299    -0.0247
      88    -0.3417    -0.0455
      91    -0.2872    -0.0327
      94    -0.2417    -0.0199
      97    -0.2759    -0.0312
     100    -0.3100    -0.0424
     103    -0.3442    -0.0536
     106    -0.3183    -0.0401
     109    -0.2923    -0.0265
     112    -0.2463    -0.0221
     115    -0.3944    -0.0397
     118    -0.2728    -0.0750
     121    -0.1512    -0.0508
     124    -0.1748    -0.0877
     127    -0.1983    -0.0400
     130    -0.2219    -0.0776
     133    -0.2173    -0.0563
     136    -0.2354    -0.0302
     139    -0.2535    -0.0553
     142    -0.2261    -0.0599
     145    -0.1987    -0.0460
     148    -0.1367    -0.0636
     151    -0.1581    -0.0507
     154    -0.1554    -0.0604
     157    -0.2189    -0.0858
     160    -0.1163    -0.0880
     163    -0.2100    -0.0508
     166    -0.1916    -0.0668
     169    -0.1731    -0.0827
     172    -0.0392    -0.0434
     175    -0.3271    -0.0442
     178    -0.0496    -0.0427
     181     0.0156    -0.0361
     184    -0.0443    -0.0776
     187    -0.0379    -0.0433
     190    -0.0316    -0.0842
     193     0.0034    -0.0616
     196     0.0301    -0.0605
     199     0.0349    -0.1132
     202     0.0513    -0.0769
     205     0.1195    -0.0213
     208     0.1081    -0.0580
     211     0.1435    -0.0356
     214     0.1217    -0.0840
     217     0.1925    -0.0628
     220     0.1376    -0.0793
     223     0.1461    -0.0460
     226     0.2129    -0.0232
     229     0.2154    -0.0509
     232     0.2369    -0.0333
     235     0.2141    -0.0520
     238     0.1923    -0.0517
     241     0.2601    -0.0548
     244     0.2638    -0.0371
     247     0.2808    -0.0600
     250     0.2978    -0.0520
     253     0.2921    -0.0408
     256     0.3476    -0.0296
     259     0.3178    -0.0209
     262     0.3128    -0.0210
     265     0.3828    -0.0156
     268     0.3670    -0.0134
     271     0.4160     0.0095
     274     0.3831    -0.0316
     277     0.3328    -0.0549
     280     0.3637    -0.0377
     283     0.3945     0.0246
     286     0.4254     0.0869
     289     0.4563     0.1493
     292     0.4662     0.2116
     295     0.4944     0.1447
     298     0.4978     0.0543
     301     0.5097    -0.0443
     304     0.4911    -0.1262
     307     0.5157    -0.1751
     310     0.5104    -0.2240
     313     0.5365    -0.3064
     316     0.5230    -0.4006
     319     0.5094    -0.4061
     322     0.6063    -0.3927
     325     0.6063     0.3356
     328     0.5241     0.2886
     331     0.5256     0.1906
     334     0.5790     0.1854
     337     0.5974     0.1524
     340     0.6254     0.1662
     343     0.6701     0.1167
     346     0.6814     0.1045
     349     0.6927     0.1195
     352     0.6320     0.0553
     355     0.6713     0.0405
     358     0.6131     0.0584
     361     0.7176     0.0191
     364     0.7575     0.0150
     367     0.7427     0.0045
     370     0.7278    -0.0198
     373     0.6846    -0.1039
     376     0.7513    -0.0551
     379     0.7087    -0.0980
     382     0.7352    -0.0448
     385     0.6857    -0.1252
     388     0.7259    -0.1011
     391     0.7170    -0.1372
     394     0.7167    -0.1445
     397     0.7983    -0.1092
     400     0.7459    -0.1585
     403     0.7926    -0.1091
     406     0.8285    -0.1402
     409     0.8351    -0.1260
     412     0.8393    -0.1657
     415     0.8129    -0.1603
     418     0.7926    -0.1152
     421     0.7450    -0.1504
     424     0.8116    -0.1469
     427     0.8468    -0.1131
     430     0.8820    -0.0794
     433     0.8387    -0.1267
     436     0.8171    -0.1454
     439     0.8856    -0.1544
     442     0.7673    -0.1320
     445     0.8192    -0.1497
     448     0.8711    -0.1712
     451     0.8707    -0.1482
     454     0.8851    -0.1880
     457     0.9907    -0.1611
     460     0.8952    -0.2060
     463     0.8925    -0.1815
     466     0.8521    -0.2175
     469     0.8994    -0.1995
     472     0.9039    -0.1830
     475     0.9085    -0.1871
     478     0.9130    -0.2146
     481     0.9262    -0.1770
     484     0.9394    -0.2616
     487     0.9578    -0.2237
     490     0.9761    -0.1857
     493     0.9565    -0.2584
     496     0.9758    -0.2073
     499     0.9607    -0.2350
     502     0.9792    -0.2781
     505     0.9977    -0.2513
     508     1.0168    -0.2345
     511     0.9987    -0.2627
     514     0.9806    -0.2441
     517     0.9801    -0.2797
     520     0.9795    -0.2502
     523     0.9790    -0.2504
     526     1.0177    -0.2505
     529     1.0565    -0.2507
     532     1.0475    -0.3038
     535     1.0386    -0.2848
     538     1.0296    -0.2658
     541     1.0880    -0.2883
     544     1.0659    -0.2734
     547     1.0696    -0.2707
     550     1.0733    -0.2681
     553     1.0551    -0.2996
     556     1.0595    -0.2881
     559     1.0900    -0.2756
     562     1.0933    -0.2821
     565     1.0965    -0.2886
     568     1.0746    -0.2991
     571     1.1304    -0.3083
     574     1.0884    -0.2883
     577     1.0942    -0.2828
     580     1.1000    -0.3056
     583     1.1058    -0.3089
     586     1.1012    -0.2677
     589     1.1239    -0.3114
     592     1.1146    -0.3088
     595     1.1357    -0.3108
     598     1.1569    -0.2982
     601     1.0129    -0.3236
     604     1.1670    -0.3160
     607     1.1604    -0.2957
     610     1.1538    -0.2754
     613     1.1257    -0.2801
     616     1.1038    -0.2987
     619     1.1492    -0.2875
     622     1.1857    -0.3194
     625     1.1074    -0.3359
     628     1.2101    -0.2856
     631     1.2470    -0.1917
     634     1.1436    -0.3198
     637     1.1388    -0.2897
     640     1.1340    -0.3092
     643     1.2249    -0.3113
     646     1.2350    -0.3130
     649     1.2039    -0.3049
     652     1.2196    -0.3359
     655     1.2353    -0.3276
     658     1.2510    -0.2799
     661     1.1941    -0.2619
     664     1.0506    -0.3356
     667     1.1015    -0.3197
     670     1.1524    -0.3039
     673     1.2033    -0.2904
     676     1.2586    -0.2781
     679     1.2216    -0.2921
     682     1.2004    -0.2855
     685     1.2282    -0.2626
     688     1.2559    -0.3102
     691     1.2370    -0.2370
     694     1.3203    -0.2715
     697     1.2189    -0.2998
     700     1.2379    -0.3197
     703     1.2568    -0.2494
     706     1.2755    -0.2240
     709     1.2941    -0.2510
     712     1.3618    -0.2702
     715     1.4023    -0.2096
     718     1.3424    -0.2574
     721     1.3608    -0.2232
     724     1.3793    -0.2300
     727     1.3770    -0.2159
     730     1.3747    -0.2414
     733     1.3724    -0.2968
     736     1.3920    -0.2444
     739     1.4846    -0.2527
     742     1.4907    -0.2378
     745     1.4180    -0.2763
     748     1.4678    -0.2294
     751     1.4472    -0.2370
     754     1.4970    -0.2651
     757     1.4799    -0.2522
     760     1.4959    -0.1960
     763     1.4732    -0.2344
     766     1.4563    -0.2292
     769     1.5436    -0.2682
     772     1.5479    -0.2463
     775     1.6142    -0.2378
     778     1.6594    -0.2023
     781     1.5972    -0.2226
     784     1.6147    -0.2217
     787     1.6381    -0.2173
     790     1.6614    -0.2130
     793     1.6357    -0.2337
     796     1.6641    -0.2599
     799     1.6730    -0.2436
     802     1.7198    -0.2257
     805     1.7234    -0.2172
     808     1.6644    -0.2761
     811     1.7025    -0.2669
     814     1.7406    -0.2578
     817     1.7536    -0.2332
     820     1.7666    -0.2898
     823     1.7653    -0.2859
     826     1.7640    -0.2820
     829     1.7627    -0.2781
     832     1.7805    -0.2535
     835     1.7858    -0.2333
     838     1.8112    -0.2719
     841     1.8054    -0.2754
     844     1.7995    -0.2789
     847     1.7937    -0.2847
     850     1.7878    -0.2906
     853     1.8550    -0.3094
     856     1.9021    -0.2708
     859     1.8736    -0.3181
     862     1.9105    -0.2786
     865     1.9474    -0.2465
     868     1.9927    -0.2764
     871     1.9335    -0.2979
     874     1.8742    -0.3193
     877     1.8963    -0.3030
     880     2.0192    -0.2724
     883     1.9933    -0.2904
     886     1.9675    -0.2868
     889     2.0109    -0.3292
     892     1.9935    -0.3082
     895     1.9761    -0.3170
     898     2.0196    -0.3335
     901     2.0096    -0.2952
     904     1.9997    -0.3500
     907     2.1210    -0.2759
     910     2.1716    -0.2847
     913     2.0656    -0.3352
     916     2.0914    -0.3475
     919     2.1936    -0.3308
     922     2.1388    -0.3086
     925     2.0840    -0.3712
     928     2.0229    -0.3673
     931     2.1048    -0.3544
     934     2.1866    -0.2973
     937        NaN        NaN
     940        NaN        NaN
     943        NaN        NaN
     946        NaN        NaN
     949        NaN        NaN
     952        NaN        NaN
     955        NaN        NaN
     958        NaN        NaN
     961        NaN        NaN
     964        NaN        NaN
     967        NaN        NaN
     970        NaN        NaN
     973        NaN        NaN
     976        NaN        NaN
     979        NaN        NaN
     982        NaN        NaN
     985        NaN        NaN
     988        NaN        NaN
     991        NaN        NaN
     994        NaN        NaN
     997        NaN        NaN
    1000        NaN        NaN
    1003        NaN        NaN
    1006        NaN        NaN
    1009        NaN        NaN
    1012        NaN        NaN
    1015        NaN        NaN
    1018        NaN        NaN
    1021        NaN        NaN
    1024        NaN        NaN
    1027        NaN        NaN
    1030        NaN        NaN
    1033        NaN        NaN
    1036        NaN        NaN
    1039        NaN        NaN
    1042        NaN        NaN
    1045     2.1917     0.8302
    1048     2.1227     0.8141
    1051     2.1397     0.8025
    1054     2.1566     0.0401
    1057     2.1408     0.0178
    1060     2.1059     0.0389
    1063     2.1467     0.0054
    1066     2.1987     0.0415
    1069     2.1349     0.0129
    1072     2.1330     0.0435
    1075     2.1311     0.0983
    1078     2.1978     0.0318
    1081     2.1560     0.0151
    1084     2.1143    -0.0016
    1087     2.1866     0.0401
    1090     2.2287     0.0492
    1093     2.2134     0.0129
    1096     2.1820     0.0534
    1099     2.1214     0.0750
    1102     2.2494     0.0233
    1105     2.2028     0.0180
    1108     2.2678     0.0773
    1111        NaN        NaN
    1114        NaN        NaN
    1117        NaN        NaN
    1120        NaN        NaN
    1123        NaN        NaN
    1126        NaN        NaN
    1129        NaN        NaN
    1132        NaN        NaN
    1135        NaN        NaN
    1138        NaN        NaN
    1141        NaN        NaN
    1144        NaN        NaN
    1147        NaN        NaN
    1150        NaN        NaN
    1153        NaN        NaN
    1156        NaN        NaN
    1159        NaN        NaN
    1162        NaN     0.0437
    1165     2.4062     0.0377
    1168     2.3689     0.0309
    1171     2.3872     0.0409
    1174     2.4055     0.0509
    1177     2.4238     0.0610
    1180     2.4308     0.0719
    1183     2.5303     0.0677
    1186     2.4375     0.0236
    1189     2.4808     0.0715
    1192     2.4836     0.0851
    1195     2.5516     0.1010
    1198     2.5077     0.0936
    1201     2.5303     0.0925
    1204     2.5530     0.0914
    1207     2.4761     0.0774
    1210     2.5151     0.0709
    1213     2.5263     0.1080
    1216     2.5375     0.0907
    1219     2.5230     0.0420
    1222     2.5432     0.1002
    1225     2.5634     0.1129
    1228     2.6196     0.0755
    1231     2.5954     0.0644
    1234     2.5712     0.0720
    1237     2.5988     0.0940
    1240     2.5860     0.0899
    1243     2.6500     0.0729
    1246     2.6463     0.0588
    1249     2.6715     0.1182
    1252     2.5869     0.1167
    1255     2.6641     0.0960
    1258     2.6501     0.0869
    1261     2.6805     0.1131
    1264     2.7109     0.1267
    1267     2.7192     0.1232
    1270     2.7457     0.1508
    1273     2.7461     0.0918
    1276     2.7465     0.1285
    1279     2.8060     0.1731
    1282     2.7945     0.1090
    1285     2.7829     0.1148
    1288     2.7315     0.1089
    1291     2.7402     0.1083
    1294     2.7489     0.1077
    1297     2.7177     0.1059
    1300     2.7833     0.1106
    1303     2.7679     0.1252
    1306     2.7525     0.1161
    1309     2.8274     0.1163
    1312     2.8168     0.1724
    1315     2.8063     0.1349
    1318     2.7803     0.1305
    1321     2.7909     0.1357
    1324     2.8016     0.1408
    1327     2.8213     0.1737
    1330     2.8232     0.1500
    1333     2.9315     0.2028
    1336     2.8224     0.1513
    1339     2.8628     0.0978
    1342     2.8799     0.1822
    1345     2.8970     0.1440
    1348     2.9063     0.1662
    1351     2.9004     0.1456
    1354     2.8945     0.1266
    1357     2.9351     0.1901
    1360     2.9208     0.1719
    1363     2.9293     0.1650
    1366     2.8650     0.1597
    1369     2.9207     0.1750
    1372     2.9550     0.1761
    1375     2.8958     0.1997
    1378     2.9585     0.1814
    1381     2.9842     0.1484
    1384     3.0098     0.1956
    1387     2.9343     0.1189
    1390     2.9842     0.1526
    1393     2.9678     0.1102
    1396     2.9513     0.1462
    1399     2.9882     0.1541
    1402     2.9140     0.1452
    1405     3.0380     0.1645
    1408     2.9907     0.1336
    1411     2.9733     0.1222
    1414     2.9558     0.1108
    1417     2.9815     0.1294
    1420     3.0401     0.1307
    1423     2.9182     0.0897
    1426     3.0686     0.1677
    1429     3.0539     0.1428
    1432     2.9674     0.1339
    1435     3.0538     0.1559
    1438     3.0434     0.1837
    1441     3.0337     0.1455
    1444     3.0240     0.1073
    1447     3.0554     0.1282
    1450     3.1195     0.1730
    1453     3.1322     0.1867
    1456     3.1145     0.1161
    1459     3.1014        NaN
    1462     3.0884        NaN
    1465     3.0754        NaN
    1468     3.1349        NaN
    1471     3.0880        NaN
    1474     3.0410        NaN
    1477     3.1369        NaN
    1480     3.1151        NaN
    1483     3.1254        NaN
    1486     3.2458        NaN
    1489     3.1421        NaN
    1492     3.2271        NaN
    1495     3.2586     0.1679
    1498     3.2712     0.1162
    1501     3.2838     0.0645
    1504     3.2963     0.1567
    1507     3.2336     0.0706
    1510     3.1890     0.0908
    1513     3.1891     0.0721
    1516     3.2304     0.0571
    1519     3.2854     0.1171
    1522     3.1818     0.1004
    1525     3.3097     0.1044
    1528     3.2592     0.0883
    1531     3.2623     0.0781
    1534     3.2654     0.0680
    1537     3.2859     0.0690
    1540     3.2796     0.0442
    1543     3.2804     0.0802
    1546     3.2813     0.0602
    1549     3.3269     0.0345
    1552     3.3608     0.0959
    1555     3.3047     0.0597
    1558     3.3534     0.0677
    1561     3.3420     0.0587
    1564     3.3306     0.0496
    1567     3.3564     0.0545
    1570     3.3546     0.0752
    1573     3.3697     0.1239
    1576     3.3848     0.0662
    1579     3.3953     0.0839
    1582     3.4222     0.0411
    1585     3.4490     0.0933
    1588     3.3839     0.0689
    1591     3.4337     0.0550
    1594     3.4835     0.0946
    1597     3.4015     0.0596
    1600     3.3528     0.1011
    1603     3.3704     0.0412
    1606     3.4237     0.0335
    1609     3.3893     0.0686
    1612     3.4116     0.0814
    1615     3.4755     0.0731
    1618     3.4777     0.0837
    1621     3.5168     0.1054
    1624     3.5558     0.1271
    1627     3.4731     0.0468
    1630     3.4393     0.0429
    1633     3.4807     0.1273
    1636     3.5222     0.0986
    1639     3.5412     0.1247
    1642     3.5643     0.0898
    1645     3.5255     0.0848
    1648     3.5187     0.0995
    1651     3.5398     0.1033
    1654     3.5610     0.1071
    1657     3.6637     0.1145
    1660     3.5232     0.1280
    1663     3.5811     0.0967
    1666     3.5945     0.0921
    1669     3.6408     0.1423
    1672     3.6109     0.1278
    1675     3.5810     0.0808
    1678     3.6363     0.0865
    1681     3.6179     0.1343
    1684     3.5996     0.1217
    1687     3.9302     0.0824
    1690     3.6910     0.1504
    1693     3.6592     0.0998
    1696     3.6275     0.1434
    1699     3.7372     0.1580
    1702     3.6435     0.1078
    1705     3.6855     0.1031
    1708     3.6114     0.0951
    1711     3.6385     0.1378
    1714     3.6656     0.1080
    1717     3.7257     0.1129
    1720     3.6709     0.0851
    1723     3.7009     0.0900
    1726     3.6965     0.0845
    1729     3.6468     0.0642
    1732     3.5639     0.0726
    1735     3.6552     0.0255
    1738     3.6485     0.0256
    1741     3.7222     0.1132
    1744     3.7286     0.0703
    1747     3.7058     0.0647
    1750     3.7136     0.0772
    1753     3.6690     0.0126
    1756     3.6603     0.0550
    1759     3.7972     0.1002
    1762     3.7593     0.1129
    1765     3.7213     0.0623
    1768     3.6549     0.0646
    1771     3.6834     0.0250
    1774     3.7118     0.0133
    1777     3.6882     0.0099
    1780     3.7515     0.0032
    1783     3.7425    -0.0076
    1786     3.7335     0.0537
    1789     3.7079     0.0301
    1792     3.7301     0.0024
    1795     3.7524    -0.0002
    1798     3.7987    -0.0029
    1801     3.7733    -0.0245
    1804     3.7479    -0.0461
    1807     3.8649     0.0280
    1810     3.8043    -0.0464
    1813     3.8552     0.0231
    1816     3.8092    -0.0846
    1819     3.7620    -0.0815
    1822     3.7365    -0.0345
    1825     3.7685    -0.0375
    1828     3.8004    -0.0405
    1831     3.8324    -0.0461
    1834     3.8643    -0.0517
    1837     3.8280    -0.0912
    1840     3.8569    -0.0410
    1843     3.8381    -0.0618
    1846     3.8192    -0.1076
    1849     3.7943    -0.1041
    1852     3.7970    -0.0847
    1855     3.7998    -0.1403
    1858     3.8651    -0.0738
    1861     3.8318    -0.1324
    1864     3.7986    -0.1130
    1867     3.8423    -0.1071
    1870     3.8990    -0.1057
    1873     3.9556    -0.1079
    1876     3.8184    -0.1100
    1879     3.9301    -0.1629
    1882     3.8497    -0.1888
    1885     3.8825    -0.1704
    1888     3.8986    -0.1647
    1891     3.8847    -0.1542
    1894     3.9024    -0.1438
    1897     3.8831    -0.1496
    1900     3.8797    -0.1349
    1903     3.8941    -0.1527
    1906     3.8706    -0.1604
    1909     3.9473    -0.1089
    1912     3.9489    -0.1176
    1915     3.9215    -0.1825
    1918     3.9947    -0.0921
    1921     3.9843    -0.0782
    1924     3.9738    -0.0642
    1927     3.9246    -0.1523
    1930     3.9097    -0.1001
    1933     3.9454    -0.1396
    1936     3.9811    -0.1622
    1939     4.0124    -0.0859
    1942     3.9676    -0.1233
    1945     3.9553    -0.1265
    1948     3.9930    -0.1019
    1951     3.9687    -0.1255
    1954     3.9443    -0.0886
    1957     4.0334    -0.0832
    1960     4.0046    -0.1217
    1963     4.0163    -0.1092
    1966     4.0280    -0.1065
    1969     4.0601    -0.0834
    1972     4.0613    -0.1031
    1975     4.0626    -0.0637
    1978     4.0644    -0.0486
    1981     4.0306    -0.0273
    1984     3.9968    -0.0367
    1987     4.0382    -0.1151
    1990     4.0700    -0.0109
    1993     4.0704     0.0143
    1996     4.0708    -0.0206
    1999     4.0027    -0.0678
    2002     4.0203     0.0074
    2005     4.0379    -0.0529
    2008     4.0439    -0.0358
    2011     4.0735    -0.0309
    2014     4.1031    -0.0410
    2017     4.1356     0.0345
    2020     4.1082     0.0160
    2023     4.1214    -0.0202
    2026     4.1345     0.0214
    2029     4.1135     0.0357
    2032     4.0687     0.0038
    2035     4.0992     0.0067
    2038     4.1486     0.0348
    2041     4.1334     0.0316
    2044     4.1181     0.0284
    2047     4.1605     0.0527
    2050     4.1711     0.0377
    2053     4.1098    -0.0205
    2056     4.1533    -0.0161
    2059     4.2016     0.0225
    2062     4.0808    -0.0265
    2065     4.2143     0.0234
    2068     4.2092     0.0103
    2071     4.2121    -0.0027
    2074     4.2151     0.0583
    2077     4.1007    -0.0462
    2080     4.1831     0.0140
    2083     4.1091    -0.0230
    2086     4.0996    -0.0740
    2089     4.2063    -0.0140
    2092     4.2047    -0.0350
    2095     4.2030    -0.0026
    2098     4.1297    -0.0713
    2101     4.0939    -0.0854
    2104     4.0581    -0.0995
    2107     4.1318    -0.0821
    2110     4.1920    -0.0152
    2113     4.1464    -0.1110
    2116     4.1453    -0.0941
    2119     4.1741    -0.0891
    2122     4.1799    -0.0744
    2125     4.1857    -0.0907
    2128     4.1581    -0.0907
    2131     4.1630    -0.1190
    2134     4.1862    -0.1474
    2137     4.1694    -0.1318
    2140     4.1786    -0.1262
    2143     4.1991    -0.1193
    2146     4.2739    -0.1708
    2149     4.2084    -0.1234
    2152     4.1790    -0.0729
    2155     4.1496    -0.1675
    2158     4.1611    -0.1572
    2161     4.1599    -0.1223
    2164     4.1586    -0.1380
    2167     4.0764    -0.1495
    2170     4.1916    -0.1608
    2173     4.2193    -0.1416
    2176     4.1760    -0.1711
    2179     4.1771    -0.1521
    2182     4.1895    -0.1314
    2185     4.2019    -0.1451
    2188     4.1939    -0.1450
    2191     4.2349    -0.1263
    2194     4.2759    -0.1071
    2197     4.2746    -0.1065
    2200     4.1851    -0.1647
    2203     4.3007    -0.0993
    2206     4.1980    -0.1248
    2209     4.2249    -0.1437
    2212     4.2830    -0.1284
    2215     4.2740    -0.1000
    2218     4.2828    -0.1075
    2221     4.2903    -0.1110
    2224     4.2978    -0.1146
    2227     4.1990    -0.1212
    2230     4.2538    -0.1365
    2233     4.2543    -0.0800
    2236     4.2518    -0.0868
    2239     4.2119    -0.1212
    2242     4.2832    -0.1367
    2245     4.2289    -0.1363
    2248     4.2592    -0.1162
    2251     4.2278    -0.1279
    2254     4.1965    -0.1395
    2257     4.2202    -0.0945
    2260     4.2439    -0.0494
    2263     4.2675    -0.0043
    2266     4.2912    -0.0195
    2269     4.2236    -0.1497
    2272     4.3645    -0.0964
    2275     4.3519    -0.1160
    2278     4.3183    -0.2048
    2281     4.3121    -0.2196
    2284     4.3058    -0.2343
    2287     4.2830    -0.2532
    2290     4.3436    -0.2790
    2293     4.3468    -0.2558
    2296     4.3500    -0.2660
    2299     4.3449    -0.2969
    2302     4.3310    -0.7121
    2305     4.3203    -0.7487
    2308     4.2593    -0.0450
    2311     4.3066    -0.0551
    2314     4.3539     0.2359
    2317     4.3623     0.2245
    2320     4.3469     0.2517
    2323     4.3730     0.1622
    2326     4.3990     0.1974
    2329     4.3461     0.2179
    2332     4.3154     0.1819
    2335     4.2848     0.2021
    2338     4.3472     0.1872
    2341     4.3457     0.2016
    2344     4.3442     0.2271
    2347     4.3642     0.2165
    2350     4.3758     0.1708
    2353     4.3743     0.2098
    2356     4.3727     0.1973
    2359     4.3529     0.1818
    2362     4.3353     0.2253
    2365     4.3177     0.1837
    2368     4.3397     0.2152
    2371     4.3365     0.2201
    2374     4.3333     0.2249
    2377     4.3476     0.2081
    2380     4.3012     0.1913
    2383     4.3059     0.2187
    2386     4.3106     0.1870
    2389     4.3772     0.2006
    2392     4.4304     0.1752
    2395     4.3469     0.2184
    2398     4.3640     0.1932
    2401     4.3556     0.2179
    2404     4.3472     0.1770
    2407     4.3613     0.2082
    2410     4.3061     0.1557
    2413     4.2795     0.1458
    2416     4.3571     0.1790
    2419     4.3529     0.1188
    2422     4.3421     0.1582
    2425     4.3314     0.1451
    2428     4.3560     0.1343
    2431     4.3849     0.1415
    2434     4.4139     0.1487
    2437     4.3164     0.0415
    2440     4.4198     0.1027
    2443     4.4060     0.1598
    2446     4.3404     0.1314
    2449     4.3376     0.1031
    2452     4.4112     0.1185
    2455     4.3652     0.0779
    2458     4.4063     0.1706
    2461     4.3963     0.1582
    2464     4.3862     0.1458
    2467     4.4063     0.1334
    2470     4.4116     0.0803
    2473     4.3475     0.0810
    2476     4.3468     0.1148
    2479     4.3782     0.1425
    2482     4.4228     0.1553
    2485     4.4673     0.1682
    2488     4.4349     0.1164
    2491     4.4059     0.0970
    2494     4.3769     0.0710
    2497     4.4627     0.0911
    2500     4.3502     0.1113
    2503     4.3396     0.0421
    2506     4.3289     0.0949
    2509     4.3212     0.0546
    2512     4.3681     0.0538
    2515     4.4150     0.0813
    2518     4.4388     0.0600
    2521     4.4135     0.0858
    2524     4.3882     0.0746
    2527     4.3604     0.0606
    2530     4.3979     0.0307
    2533     4.4062     0.0973
    2536     4.3443     0.0803
    2539     4.4086     0.0938
    2542     4.4174     0.1147
    2545     4.4261     0.0799
    2548     4.4463     0.0812
    2551     4.3183     0.1037
    2554     4.4208     0.0616
    2557     4.4201     0.0989
    2560     4.4719     0.0839
    2563     4.4807     0.1380
    2566     4.4750     0.0982
    2569     4.4063     0.0862
    2572     4.4722     0.1077
    2575     4.4607     0.1098
    2578     4.4475     0.0983
    2581     4.4256     0.0954
    2584     4.4037     0.0924
    2587     4.4511     0.1028
    2590     4.3704     0.0823
    2593     4.4450     0.0925
    2596     4.5160     0.1011
    2599     4.4842     0.1097
    2602     4.4385     0.0826
    2605     4.4629     0.0556
    2608     4.4940     0.0549
    2611     4.4649     0.0543
    2614     4.4512     0.0521
    2617     4.4029     0.0262
    2620     4.4430     0.0196
    2623     4.4831     0.0129
    2626     4.4829     0.0967
    2629     4.4881     0.0757
    2632     4.4445     0.0547
    2635     4.4951     0.0813
    2638     4.5081     0.0393
    2641     4.5145     0.0449
    2644     4.5208     0.0505
    2647     4.4859     0.0417
    2650     4.4736     0.0330
    2653     4.4549     0.0415
    2656     4.4809    -0.0089
    2659     4.4984     0.0282
    2662     4.5280     0.0469
    2665     4.4306     0.0296
    2668     4.5113     0.0262
    2671     4.5242     0.0372
    2674     4.5371     0.0482
    2677     4.5146     0.0148
    2680     4.5814     0.0723
    2683     4.5983     0.0471
    2686     4.4394     0.0273
    2689     4.5328     0.0637
    2692     4.5400     0.0464
    2695     4.5353     0.0166
    2698     4.5936     0.0227
    2701     4.6182     0.0288
    2704     4.6427     0.0349
    2707     4.4804     0.0331
    2710     4.6006     0.0225
    2713     4.5776     0.0497
    2716     4.6906     0.0640
    2719     4.5755     0.0362
    2722     4.6644     0.0853
    2725     4.5635     0.0300
    2728     4.6273     0.0428
    2731     4.6497     0.0557
    2734     4.6721     0.0686
    2737     4.5664     0.0290
    2740     4.5384     0.0407
    2743     4.5386     0.0104
    2746     4.5669     0.0425
    2749     4.5800     0.0338
    2752     4.5925     0.0813
    2755     4.5513     0.0204
    2758     4.6109     0.0410
    2761     4.6310     0.0421
    2764     4.6510     0.0433
    2767     4.6435     0.0444
    2770     4.6360     0.0455
    2773     4.6285     0.0466
    2776     4.6210     0.0478
    2779     4.6135     0.0489
    2782     4.6286     0.0500
    2785     4.5922     0.0041
    2788     4.6315     0.0476
    2791     4.6327     0.0164
    2794     4.6339     0.0432
    2797     4.6628     0.0644
    2800     4.6704     0.0884
    2803     4.6212     0.0255
    2806     4.6450     0.0628
    2809     4.6212     0.0426
    2812     4.6786     0.0539
    2815     4.6243     0.0622
    2818     4.6404     0.0449
    2821     4.6302     0.0276
    2824     4.6200     0.0103
    2827     4.6910     0.0781
    2830     4.6623     0.0624
    2833     4.6007    -0.0066
    2836     4.5999     0.0255
    2839     4.5876     0.0020
    2842     4.6952     0.0496
    2845     4.6177     0.0023
    2848     4.6225     0.0471
    2851     4.6310     0.0172
    2854     4.6395    -0.0128
    2857     4.5620    -0.0021
    2860     4.6467     0.0085
    2863     4.5794     0.0191
    2866     4.6067     0.0297
    2869     4.6307     0.0525
    2872     4.6585     0.0614
    2875     4.6547     0.0652
    2878     4.5919     0.0196
    2881     4.6088     0.0897
    2884     4.6096     0.0570
    2887     4.4748     0.0109
    2890     4.6344     0.0475
    2893     4.6319     0.0841
    2896     4.6249     0.0826
    2899     4.6068     0.0468
    2902     4.6435     0.0765
    2905     4.6015     0.0633
    2908     4.6323     0.0677
    2911     4.6528     0.0720
    2914     4.6732     0.1022
    2917     4.6252     0.1386
    2920     4.6067     0.1188
    2923     4.5885     0.1485
    2926     4.4888     0.0855
    2929     4.5513     0.1403
    2932     4.6222     0.0825
    2935     4.6383     0.1385
    2938     4.6897     0.1433
    2941     4.6409     0.1481
    2944     4.5920     0.1528
    2947     4.5850     0.2133
    2950     4.7213     0.1784
    2953     4.5766     0.1435
    2956     4.4836     0.1566
    2959     4.6448     0.1698
    2962     4.6168     0.2240
    2965     4.5392     0.1552
    2968     4.6185     0.2046
    2971     4.5975     0.1708
    2974     4.5765     0.1874
    2977     4.5422     0.1499
    2980     4.6340     0.2224
    2983     4.6353     0.1958
    2986     4.6218     0.1923
    2989     4.5909     0.2140
    2992     4.5709     0.1622
    2995     4.6004     0.1827
    2998     4.5908     0.2038
    3001     4.6098     0.2108
    3004     4.6288     0.2178
    3007     4.5942     0.1228
    3010     4.6434     0.1915
    3013     4.6250     0.1743
    3016     4.6417     0.1657
    3019     4.6257     0.1308
    3022     4.6215     0.1837
    3025     4.6265     0.1659
    3028     4.6519     0.1901
    3031     4.6612     0.1748
    3034     4.6705     0.1596
    3037     4.5932     0.1444
    3040     4.6453     0.1291
    3043     4.6376     0.1139
    3046     4.6419     0.0986
    3049     4.6463     0.0834
    3052     4.6282     0.1359
    3055     4.6369     0.2984
    3058     4.5759     0.2889
    3061     4.5845     0.2794
    3064     4.5931     0.2229
    3067     4.6016     0.1663
    3070     4.6102     0.1098
    3073     4.6188     0.0532
    3076     4.6220    -0.0028
    3079     4.6037    -0.0028
    3082     4.6451     0.0606
    3085     4.6538     0.0336
    3088     4.6902     0.1320
    3091     4.6870     0.0810
    3094     4.6839     0.0300
    3097     4.6516     0.0690
    3100     4.7267     0.0667
    3103     4.6508     0.0645
    3106     4.5749     0.0886
    3109     4.7355     0.0810
    3112     4.6708     0.0955
    3115     4.6685     0.1100
    3118     4.6344     0.0573
    3121     4.6373     0.0960
    3124     4.6402     0.0960
    3127     4.6431     0.0959
    3130     4.6460     0.0958
    3133     4.6489     0.0958
    3136     4.6518     0.0957
    3139     4.7306     0.0956
    3142     4.7028     0.0638
    3145     4.7347     0.1168
    3148     4.6688     0.0937
    3151     4.6999     0.0970
    3154     4.7311     0.1003
    3157     4.6743     0.1029
    3160     4.7402     0.1735
    3163     4.7057     0.1527
    3166     4.7464     0.1319
    3169     4.7171     0.1475
    3172     4.6721     0.1594
    3175     4.8096     0.1444
    3178     4.7502     0.1769
    3181     4.7545     0.1707
    3184     4.7587     0.1645
    3187     4.7820     0.1582
    3190     4.8332     0.2163
    3193     4.7549     0.1818
    3196     4.6766     0.1943
    3199     4.6944     0.2068
    3202     4.7615     0.1645
    3205     4.8363     0.1707
    3208     4.8219     0.1769
    3211     4.7486     0.1831
    3214     4.6753     0.1893
    3217     4.7942     0.1955
    3220     4.7750     0.2017
    3223     4.7306     0.1933
    3226     4.9228     0.1848
    3229     4.6758     0.1764
    3232     4.8240     0.2584
    3235     4.7579     0.2010
    3238     4.7892     0.2344
    3241     4.7728     0.2588
    3244     4.7565     0.2608
    3247     4.7851     0.2708
    3250     4.7567     0.2469
    3253     4.9077     0.3509
    3256     4.7682     0.2321
    3259     4.7981     0.2957
    3262     4.9107     0.3607
    3265     4.7993     0.3653
    3268     4.8176     0.3368
    3271     4.8023     0.3350
    3274     4.7870     0.3333
    3277     4.8088     0.3629
    3280     4.7699     0.3363
    3283     4.8214     0.3576
    3286     4.8162     0.3770
    3289     4.7945     0.3673
    3292     4.8873     0.3634
    3295     4.8261     0.3930
    3298     4.7648     0.4226
    3301     4.7786     0.4172
    3304     4.7923     0.4118
    3307     4.6954     0.4213
    3310     4.8697     0.4307
    3313     4.7774     0.4402
    3316     4.7825     0.4497
    3319     4.7774     0.4001
    3322     4.7292     0.3956
    3325     4.7168     0.3968
    3328     4.7103     0.4349
    3331     4.7347     0.4415
    3334     4.7590     0.4482
    3337     4.7225     0.3859
    3340     4.7834     0.4802
    3343     4.7577     0.4510
    3346     4.6702     0.4328
    3349     4.8283     0.4655
    3352     4.7605     0.4414
    3355     4.8090     0.4670
    3358     4.7881     0.4367
    3361     4.7964     0.4575
    3364     4.8046     0.4783
    3367     4.7965     0.4473
    3370     4.7436     0.4053
    3373     4.7436     0.4214
    3376     4.7776     0.4250
    3379     4.7393     0.4286
    3382     4.7704     0.4065
    3385     4.6650     0.4088
    3388     4.7551     0.4111
    3391     4.7702     0.4209
    3394     4.7853     0.4307
    3397     4.7634     0.4405
    3400     4.7133     0.3673
    3403     4.7915     0.3919
    3406     4.8222     0.4164
    3409     4.7172     0.3847
    3412     4.7660     0.4258
    3415     4.7770     0.4285
    3418     4.7725     0.4445
    3421     4.7542     0.4185
    3424     4.7359     0.3926
    3427     4.7045     0.3817
    3430     4.7223     0.3913
    3433     4.8133     0.4043
    3436     4.7803     0.3906
    3439     4.8345     0.4146
    3442     4.7729     0.4115
    3445     4.7378     0.3623
    3448     4.8531     0.3859
    3451     4.8580     0.4123
    3454     4.8630     0.4387
    3457     4.7720     0.4151
    3460     4.8197     0.3916
    3463     4.8038     0.3700
    3466     4.8602     0.4340
    3469     4.7748     0.3621
    3472     4.7694     0.3499
    3475     4.8764     0.3882
    3478     4.8783     0.3559
    3481     4.8719     0.3705
    3484     4.8654     0.3851
    3487     4.7586     0.3292
    3490     4.8409     0.4029
    3493     4.8355     0.4153
    3496     4.8641     0.3763
    3499     4.8353     0.3844
    3502     4.7383     0.3741
    3505     4.7801     0.3797
    3508     4.8305     0.4002
    3511     4.8219     0.3914
    3514     4.8133     0.3826
    3517     4.7807     0.3759
    3520     4.8530     0.4110
    3523     4.8297     0.3941
    3526     4.8535     0.4076
    3529     4.8231     0.4228
    3532     4.8772     0.4297
    3535     4.8262     0.4161
    3538     4.8687     0.4258
    3541     4.8853     0.4426
    3544     4.9020     0.4594
    3547     4.8725     0.4538
    3550     4.8900     0.4170
    3553     4.8221     0.4575
    3556     4.8824     0.4438
    3559     4.8811     0.4136
    3562     4.8906     0.4209
    3565     4.8577     0.4733
    3568     4.8393     0.4552
    3571     4.8661     0.4503
    3574     4.8930     0.4601
    3577     4.8726     0.4630
    3580     4.8732     0.4501
    3583     4.9679     0.4514
    3586     4.8655     0.4526
    3589     4.8249     0.4281
    3592     4.8450     0.4397
    3595     4.8877     0.4899
    3598     4.9133     0.4572
    3601     4.8892     0.4475
    3604     4.9302     0.4753
    3607     4.8549     0.4663
    3610     4.9297     0.4341
    3613     5.0090     0.5028
    3616     4.8500     0.4692
    3619     4.8900     0.4748
    3622     4.8824     0.4490
    3625     4.9854     0.4869
    3628     4.8571     0.4741
    3631     4.8683     0.4824
    3634     4.8796     0.4510
    3637     4.8837     0.4575
    3640     4.9192     0.4943
    3643     4.9877     0.5193
    3646     4.9358     0.5146
    3649     4.8787     0.4674
    3652     4.8709     0.4561
    3655     4.8246     0.4761
    3658     5.0226     0.5268
    3661     4.9781     0.5103
    3664     4.9335     0.4938
    3667     4.8832     0.4784
    3670     4.8788     0.4813
    3673     4.8817     0.4589
    3676     4.8489     0.4161
    3679     4.9383     0.5009
    3682     4.8801     0.4700
    3685     4.8713     0.4588
    3688     4.8853     0.4687
    3691     4.8926     0.4569
    3694     4.8998     0.4451
    3697     4.9695     0.5014
    3700     4.9425     0.5189
    3703     4.8795     0.4607
    3706     4.9038     0.4704
    3709     4.8756     0.4469
    3712     4.8664     0.4498
    3715     4.9229     0.5179
    3718     4.9001     0.4501
    3721     4.9318     0.4559
    3724     4.9635     0.4618
    3727     4.8950     0.4449
    3730     4.9165     0.4614
    3733     4.9283     0.4707
    3736     4.8746     0.4508
    3739     4.8943     0.4948
    3742     4.9547     0.4575
    3745     4.8741     0.4386
    3748     4.9621     0.4895
    3751     4.9376     0.4906
    3754     4.9131     0.4917
    3757     4.9135     0.4773
    3760     4.9188     0.4629
    3763     4.9475     0.4825
    3766     4.9397     0.4617
    3769     4.9846     0.4864
    3772     4.9270     0.4470
    3775     4.9407     0.4470
    3778     4.9924     0.5152
    3781     4.9763     0.5092
    3784     4.9603     0.5032
    3787     4.9150     0.4972
    3790     4.9936     0.4912
    3793     4.9219     0.4638
    3796     5.0134     0.4396
    3799     4.9862     0.4706
    3802     4.9601     0.4784
    3805     5.0646     0.5092
    3808     4.9578     0.4622
    3811     4.9894     0.4883
    3814     5.0210     0.4788
    3817     4.9808     0.4535
    3820     4.9764     0.4832
    3823     5.0199     0.5281
    3826     4.9814     0.4565
    3829     5.0104     0.4796
    3832     5.0013     0.4970
    3835     5.0064     0.4960
    3838     5.0462     0.4949
    3841     5.0536     0.4996
    3844     5.0609     0.5044
    3847     5.0217     0.5118
    3850     5.0063     0.4867
    3853     5.0240     0.5034
    3856     5.0571     0.4919
    3859     4.9867     0.4899
    3862     4.9999     0.5082
    3865     5.0442     0.4693
    3868     5.0274     0.4525
    3871     5.0072     0.4388
    3874     4.9870     0.4875
    3877     5.0453     0.5064
    3880     5.0180     0.4848
    3883     5.0277     0.5000
    3886     5.0622     0.4876
    3889     5.0720     0.5028
    3892     5.0386     0.4351
    3895     5.0243     0.4721
    3898     5.0497     0.5051
    3901     5.0406     0.4890
    3904     5.0315     0.4729
    3907     5.0589     0.4906
    3910     5.0236     0.4539
    3913     5.0797     0.5172
    3916     5.0023     0.4290
    3919     5.0168     0.4405
    3922     5.0155     0.4598
    3925     5.0353     0.4605
    3928     4.9756     0.4611
    3931     5.0089     0.4618
    3934     5.0421     0.4625
    3937     5.0394     0.4632
    3940     5.1033     0.4638
    3943     5.0971     0.4645
    3946     5.0399     0.4263
    3949     5.0792     0.4550
    3952     5.0499     0.4484
    3955     5.0062     0.4376
    3958     5.0675     0.4625
    3961     4.9993     0.4350
    3964     4.9312     0.4076
    3967     5.0061     0.4428
    3970     5.0253     0.4640
    3973     5.0209     0.4640
    3976     5.0636     0.4640
    3979     5.0404     0.4708
    3982     5.0466     0.4300
    3985     5.0421     0.4418
    3988     5.0462     0.4434
    3991     5.0292     0.4477
    3994     5.0123     0.4393
    3997     5.0660     0.4789
    4000     5.0372     0.4946
    4003     5.0287     0.4374
    4006     4.9879     0.4915
    4009     5.0506     0.4437
    4012     5.0545     0.4875
    4015     5.1014     0.4976
    4018     4.9168     0.4806
    4021     4.9608     0.4635
    4024     5.0048     0.4464
    4027     5.0387     0.4293
    4030     5.0398     0.4764
    4033     5.0510     0.4571
    4036     5.0337     0.4504
    4039     5.0577     0.4436
    4042     5.0418     0.4565
    4045     5.0004     0.4315
    4048     5.0496     0.4267
    4051     5.0164     0.4406
    4054     5.0476     0.4545
    4057     5.0303     0.4423
    4060     5.0762     0.5004
    4063     4.9632     0.4486
    4066     5.0143     0.4878
    4069     5.0449     0.4996
    4072     5.0191     0.4869
    4075     5.0280     0.4774
    4078     5.0370     0.4680
    4081     5.0393     0.4639
    4084     5.0416     0.4598
    4087     5.0531     0.4755
    4090     4.9957     0.4365
    4093     5.0186     0.5008
    4096     5.0268     0.4924
    4099     5.0114     0.4925
    4102     4.9861     0.4925
    4105     5.0644     0.4925
    4108     5.0088     0.4926
    4111     5.0334     0.4926
    4114     5.0581     0.4927
    4117     5.1053     0.4927
    4120     5.0039     0.4503
    4123     5.0552     0.4625
    4126     5.0101     0.4649
    4129     5.0418     0.4674
    4132     5.0094     0.4625
    4135     5.0689     0.4518
    4138     5.1091     0.5128
    4141     5.1087     0.4504
    4144     5.1084     0.4928
    4147     5.0773     0.5100
    4150     5.0749     0.5243
    4153     5.0523     0.4418
    4156     5.0675     0.4337
    4159     5.0799     0.4881
    4162     5.0730     0.5036
    4165     5.0485     0.4755
    4168     5.1102     0.4573
    4171     5.0782     0.4981
    4174     5.0461     0.5388
    4177     5.2251     0.5460
    4180     5.1278     0.5489
    4183     5.0566     0.5136
    4186     5.1095     0.5752
    4189     5.0838     0.5539
    4192     4.9628     0.5326
    4195     5.2053     0.5451
    4198     5.1430     0.5575
    4201     5.0915     0.5700
    4204     5.0399     0.5824
    4207     5.1509     0.5948
    4210     5.1339     0.5751
    4213     5.2037     0.6106
    4216     5.1482     0.6112
    4219     5.0694     0.5645
    4222     5.0649     0.5522
    4225     5.1230     0.5584
    4228     5.1119     0.5647
    4231     5.1419     0.5780
    4234     5.1720     0.5914
    4237     5.1663     0.6080
    4240     5.1725     0.6067
    4243     5.1056     0.5698
    4246     5.1388     0.5797
    4249     5.1425     0.6000
    4252     5.1872     0.5772
    4255     5.1734     0.5543
    4258     5.1987     0.5733
    4261     5.1840     0.5771
    4264     5.1694     0.5809
    4267     5.2110     0.6261
    4270     5.1827     0.6255
    4273     5.0991     0.5818
    4276     5.2153     0.6106
    4279     5.2372     0.6376
    4282     5.1278     0.6300
    4285     5.1120     0.6224
    4288     5.1159     0.6148
    4291     5.1188     0.6071
    4294     5.1534     0.5995
    4297     5.2001     0.5919
    4300     5.1469     0.6111
    4303     5.1453     0.5747
    4306     5.1549     0.5864
    4309     5.1570     0.6351
    4312     5.1293     0.5962
    4315     5.1942     0.5849
    4318     5.1382     0.5806
    4321     5.1680     0.5805
    4324     5.1977     0.5804
    4327     5.1603     0.5839
    4330     5.1277     0.5536
    4333     5.0924     0.5899
    4336     5.1938     0.5854
    4339     5.1560     0.5569
    4342     5.0876     0.5660
    4345     5.1863     0.5593
    4348     5.1369     0.5828
    4351     5.1814     0.5803
    4354     5.1725     0.5778
    4357     5.1353     0.5939
    4360     5.1576     0.6160
    4363     5.1773     0.5975
    4366     5.1343     0.5664
    4369     5.1117     0.5421
    4372     5.0558     0.5477
    4375     5.0485     0.5533
    4378     5.1181     0.6076
    4381     5.1374     0.5775
    4384     5.1568     0.5474
    4387     5.1551     0.5749
    4390     5.1422     0.5727
    4393     5.1275     0.5773
    4396     5.1518     0.5648
    4399     5.1191     0.5452
    4402     5.1759     0.5963
    4405     5.0931     0.5603
    4408     5.1508     0.5902
    4411     5.1584     0.5755
    4414     5.1659     0.6100
    4417     5.1635     0.6397
    4420     5.1192     0.5596
    4423     5.0813     0.5566
    4426     5.2393     0.6237
    4429     5.1572     0.5920
    4432     5.0697     0.5603
    4435     5.1091     0.5769
    4438     5.1054     0.6488
    4441     5.1031     0.6211
    4444     5.0654     0.5935
    4447     5.1190     0.5941
    4450     5.1587     0.6123
    4453     5.0556     0.6305
    4456     5.1294     0.6487
    4459     5.2032     0.6669
    4462     5.1368     0.6575
    4465     5.1404     0.6481
    4468     5.0972     0.6387
    4471     5.1190     0.6293
    4474     5.1408     0.6670
    4477     5.1791     0.6112
    4480     5.2249     0.6377
    4483     5.1676     0.6533
    4486     5.1225     0.6280
    4489     5.1180     0.5949
    4492     5.1832     0.6792
    4495     5.1826     0.6452
    4498     5.2287     0.7214
    4501     5.1600     0.6647
    4504     5.0913     0.6597
    4507     5.2003     0.6546
    4510     5.1598     0.6618
    4513     5.1801     0.6690
    4516     5.1346     0.6559
    4519     5.1448     0.6610
    4522     5.1135     0.6799
    4525     5.1159     0.6471
    4528     5.1827     0.6769
    4531     5.1371     0.6913
    4534     5.0915     0.6975
    4537     5.1621     0.7037
    4540     5.1429     0.7256
    4543     5.2359     0.7379
    4546     5.1797     0.7272
    4549     5.2084     0.7165
    4552     5.1518     0.7058
    4555     5.1965     0.6951
    4558     5.1557     0.6844
    4561     5.1615     0.6737
    4564     5.1672     0.6919
    4567     5.2698     0.6831
    4570     5.1063     0.6798
    4573     5.1999     0.6764
    4576     5.1813     0.6607
    4579     5.2556     0.7122
    4582     5.2100     0.7465
    4585     5.2081     0.7005
    4588     5.2756     0.7049
    4591     5.2503     0.7094
    4594     5.2250     0.7139
    4597     5.3369     0.7442
    4600     5.1316     0.6777
    4603     5.2171     0.7233
    4606     5.1923     0.7163
    4609     5.2002     0.6863
    4612     5.2374     0.7221
    4615     5.2349     0.7256
    4618     5.1902     0.6556
    4621     5.1929     0.7242
    4624     5.1956     0.6586
    4627     5.1918     0.7398
    4630     5.2329     0.7138
    4633     5.2582     0.7360
    4636     5.2312     0.7392
    4639     5.2806     0.7424
    4642     5.1258     0.7281
    4645     5.1911     0.7138
    4648     5.2144     0.6995
    4651     5.1492     0.6896
    4654     5.2410     0.6798
    4657     5.1879     0.6699
    4660     5.1686     0.6600
    4663     5.2324     0.6905
    4666     5.1724     0.6418
    4669     5.2222     0.6409
    4672     5.2263     0.6415
    4675     5.2380     0.6631
    4678     5.2264     0.6277
    4681     5.2761     0.6449
    4684     5.3259     0.6621
    4687     5.1925     0.6544
    4690     5.2138     0.6467
    4693     5.2121     0.6390
    4696     5.2846     0.6582
    4699     5.1999     0.6510
    4702     5.2175     0.6281
    4705     5.2131     0.6634
    4708     5.2572     0.6649
    4711     5.2670     0.6664
    4714     5.2768     0.6679
    4717     5.2100     0.6485
    4720     5.2677     0.6732
    4723     5.2169     0.6385
    4726     5.2673     0.6309
    4729     5.2269     0.6233
    4732     5.2440     0.6157
    4735     5.2466     0.6081
    4738     5.2227     0.6272
    4741     5.2251     0.6118
    4744     5.2275     0.5964
    4747     5.2662     0.5810
    4750     5.2548     0.6412
    4753     5.2410     0.6132
    4756     5.2087     0.5853
    4759     5.1347     0.5990
    4762     5.2356     0.6126
    4765     5.2784     0.6300
    4768     5.2666     0.6436
    4771     5.2409     0.6309
    4774     5.2151     0.6181
    4777     5.1825     0.6053
    4780     5.2136     0.5925
    4783     5.2285     0.5916
    4786     5.2381     0.6051
    4789     5.2612     0.6264
    4792     5.2478     0.6476
    4795     5.1900     0.5932
    4798     5.2913     0.6296
    4801     5.2629     0.6231
    4804     5.2344     0.6166
    4807     5.2920        NaN
    4810     5.2493        NaN
    4813     5.2436        NaN
    4816     5.2627        NaN
    4819     5.3007        NaN
    4822     5.2838        NaN
    4825     5.2601        NaN
    4828     5.3680        NaN
    4831     5.2966        NaN
    4834     5.2252     0.6469
    4837     5.2260     0.6834
    4840     5.2834     0.6701
    4843     5.2572     0.6724
    4846     5.2635     0.6389
    4849     5.3027     0.6733
    4852     5.2918     0.6639
    4855     5.2882     0.6775
    4858     5.3050     0.6958
    4861     5.3002     0.6536
    4864     5.2955     0.6827
    4867     5.3369     0.6940
    4870     5.3014     0.6878
    4873     5.3083     0.6816
    4876     5.2784     0.6528
    4879     5.3095     0.6657
    4882     5.3675     0.6652
    4885     5.2879     0.6469
    4888     5.3474     0.6593
    4891     5.3339     0.6550
    4894     5.3204     0.6478
    4897     5.3456     0.6676
    4900     5.3258     0.6308
    4903     5.3833     0.6271
    4906     5.2836     0.6234
    4909     5.3461     0.6196
    4912     5.3444     0.6159
    4915     5.3250     0.6439
    4918     5.4028     0.6642
    4921     5.3782     0.6631
    4924     5.3536     0.6619
    4927     5.3585     0.6060
    4930     5.3231     0.6279
    4933     5.3501     0.6246
    4936     5.3637     0.6536
    4939     5.4190     0.6480
    4942     5.3678     0.6331
    4945     5.3392     0.6211
    4948     5.3957     0.6183
    4951     5.3879     0.6156
    4954     5.3801     0.6128
    4957     5.3545     0.6101
    4960     5.3851     0.6508
    4963     5.3626     0.5810
    4966     5.3468     0.6095
    4969     5.3704     0.6323
    4972     5.3869     0.6202
    4975     5.4033     0.6081
    4978     5.3442     0.5940
    4981     5.3692     0.6182
    4984     5.3942     0.6423
    4987     5.4112     0.6357
    4990     5.3337     0.6292
    4993     5.3535     0.6226
    4996     5.3414     0.6161
    4999     5.3401     0.6095
    5002     5.4005     0.6030
    5005     5.3789     0.5964
    5008     5.4049     0.6487
    5011     5.3985     0.6486
    5014     5.3920     0.6485
    5017     5.4089     0.6598
    5020     5.4119     0.6711
    5023     5.4889     0.6578
    5026     5.4460     0.6784
    5029     5.3843     0.6990
    5032     5.4683     0.7196
    5035     5.3344     0.6334
    5038     5.3738     0.6893
    5041     5.3963     0.6956
    5044     5.4188     0.7019
    5047     5.4208     0.7271
    5050     5.4239     0.7141
    5053     5.3251     0.7012
    5056     5.4243     0.6984
    5059     5.3997     0.7155
    5062     5.4045     0.7150
    5065     5.3838     0.6687
    5068     5.4291     0.7355
    5071     5.4158     0.7399
    5074     5.4025     0.7096
    5077     5.3964     0.7863
    5080     5.4400     0.7671
    5083     5.4580     0.7312
    5086     5.4226     0.7490
    5089     5.3299     0.7668
    5092     5.4208     0.7846
    5095     5.4101     0.7599
    5098     5.4218     0.7662
    5101     5.4125     0.7725
    5104     5.4033     0.7788
    5107     5.4258     0.7810
    5110     5.3683     0.7897
    5113     5.3518     0.7795
    5116     5.3648     0.7728
    5119     5.3657     0.7685
    5122     5.4126     0.7833
    5125     5.3901     0.7777
    5128     5.4425     0.8301
    5131     5.4055     0.7703
    5134     5.3685     0.7798
    5137     5.3150     0.7220
    5140     5.4183     0.7687
    5143     5.4185     0.7848
    5146     5.4301     0.8029
    5149     5.4076     0.8067
    5152     5.3870     0.7613
    5155     5.4274     0.7985
    5158     5.4014     0.7832
    5161     5.4244     0.7679
    5164     5.4475     0.7526
    5167     5.4322     0.7697
    5170     5.4580     0.7661
    5173     5.4715     0.7626
    5176     5.4315     0.7590
    5179     5.5332     0.7555
    5182     5.4673     0.7520
    5185     5.4771     0.7752
    5188     5.4367     0.7863
    5191     5.4517     0.7677
    5194     5.4667     0.7492
    5197     5.4646     0.7417
    5200     5.4243     0.7117
    5203     5.4033     0.6964
    5206     5.5358     0.7534
    5209     5.4356     0.7786
    5212     5.4996     0.8039
    5215     5.4258     0.7998
    5218     5.4891     0.7957
    5221     5.4833     0.7469
    5224     5.4776     0.7517
    5227     5.5165     0.7695
    5230     5.4798     0.7823
    5233     5.4959     0.7542
    5236     5.4429     0.7261
    5239     5.4414     0.7403
    5242     5.4903     0.7544
    5245     5.5157     0.7686
    5248     5.4907     0.8096
    5251     5.5073     0.7589
    5254     5.5239     0.7806
    5257     5.5359     0.7615
    5260     5.5307     0.7519
    5263     5.4606     0.7294
    5266     5.5503     0.7518
    5269     5.5631     0.7498
    5272     5.5759     0.7612
    5275     5.5886     0.7477
    5278     5.5457     0.7541
    5281     5.5371     0.7383
    5284     5.5286     0.7225
    5287     5.5927     0.7553
    5290     5.5857     0.7435
    5293     5.4579     0.7053
    5296     5.4932     0.7349
    5299     5.4271     0.7364
    5302     5.4031     0.7096
    5305     5.5059     0.7393
    5308     5.5376     0.7654
    5311     5.5212     0.7595
    5314     5.5048     0.7537
    5317     5.5461     0.7907
    5320     5.4881     0.7762
    5323     5.5017     0.7616
    5326     5.4342     0.7341
    5329     5.4986     0.7363
    5332     5.5078     0.7529
    5335     5.4582     0.7362
    5338     5.4941     0.7686
    5341     5.4918     0.7829
    5344     5.4895     0.7973
    5347     5.5066     0.7930
    5350     5.4389     0.7823
    5353     5.4932     0.7857
    5356     5.4018     0.7891
    5359     5.4984     0.7924
    5362     5.5833     0.8080
    5365     5.4945     0.8236
    5368     5.4637     0.7726
    5371     5.4419     0.7743
    5374     5.4201     0.7759
    5377     5.4604     0.7776
    5380     5.5007     0.7792
    5383     5.4605     0.7883
    5386     5.4291     0.7975
    5389     5.4861     0.8066
    5392     5.4377     0.8191
    5395     5.4942     0.8315
    5398     5.5167     0.8439
    5401     5.4980     0.8935
    5404     5.4792     0.8851
    5407     5.5355     0.8766
    5410     5.4962     0.8696
    5413     5.4734     0.9174
    5416     5.5123     0.9269
    5419     5.4788     0.8984
    5422     5.5410     0.9233
    5425     5.4914     0.9249
    5428     5.5090     0.9266
    5431     5.4903     0.9282
    5434     5.4716     0.9067
    5437     5.4684     0.9769
    5440     5.5112     0.9316
    5443     5.5183     0.9553
    5446     5.4875     0.9790
    5449     5.4435     0.9438
    5452     5.4854     0.9649
    5455     5.5435     0.9384
    5458     5.5844     0.9852
    5461     5.5494     0.9991
    5464     5.5144     1.0131
    5467     5.5578     1.0001
    5470     5.5352     1.0141
    5473     5.5157     0.9975
    5476     5.4866     0.9809
    5479     5.4865     0.9919
    5482     5.5147     1.0029
    5485     5.5143     1.0068
    5488     5.5427     1.0057
    5491     5.5444     1.0150
    5494     5.5461     1.0244
    5497     5.5739     1.0337
    5500     5.4352     1.0030
    5503     5.5058     0.9723
    5506     5.5383     0.9932
    5509     5.5411     1.0141
    5512     5.5140     1.0229
    5515     5.4868     1.0318
    5518     5.4597     1.0406
    5521     5.4793     1.0495
    5524     5.4988     1.0583
    5527     5.4393     1.0672
    5530     5.5382     1.0760
    5533     5.5597     1.0827
    5536     5.5451     1.0981
    5539     5.5553     1.0599
    5542     5.5195     1.0518
    5545     5.5644     1.0383
    5548     5.4922     1.0248
    5551     5.5011     1.0113
    5554     5.5100     0.9978
    5557     5.5683     0.9843
    5560     5.5581     1.0572
    5563     5.4811     0.9303
    5566     5.6063     0.9855
    5569     5.5393     0.9223
    5572     5.5294     0.9386
    5575     5.6495     0.9640
    5578     5.5878     0.9475
    5581     5.6035     0.9506
    5584     5.6192     0.9536
    5587     5.6077     0.9341
    5590     5.5912     0.9146
    5593     5.5587     0.8951
    5596     5.5075     0.9697
    5599     5.5187     0.8786
    5602     5.5434     0.7876
    5605     5.5744     0.7934
    5608     5.5099     0.7993
    5611     5.5516     0.7972
    5614     5.5932     0.7952
    5617     5.6285     0.7931
    5620     5.5653     0.7911
    5623     5.5650     0.7890
    5626     5.6450     0.8149
    5629     5.6819     0.7988
    5632     5.5875     0.7928
    5635     5.6179     0.7868
    5638     5.5801     0.7865
    5641     5.5893     0.7494
    5644     5.5985     0.7749
    5647     5.6221     0.7542
    5650     5.6524     0.7997
    5653     5.6153     0.7442
    5656     5.6319     0.7462
    5659     5.6324     0.7514
    5662     5.5938     0.7193
    5665     5.5798     0.7264
    5668     5.6306     0.7653
    5671     5.6672     0.7689
    5674     5.7039     0.7540
    5677     5.7101     0.7093
    5680     5.6734     0.7729
    5683     5.6751     0.7762
    5686     5.7437     0.7552
    5689     5.6545        NaN
    5692     5.6257        NaN
    5695     5.6810        NaN
    5698     5.6875        NaN
    5701     5.6980        NaN
    5704     5.7085        NaN
    5707     5.6517        NaN
    5710     5.4915        NaN
    5713     5.6685        NaN
    5716     5.6803     0.8364
    5719     5.6252     0.7736
    5722     5.6380     0.8270
    5725     5.6612     0.8767
    5728     5.6880     0.8655
    5731     5.6971     0.8732
    5734     5.7062     0.8810
    5737     5.7640     0.8561
    5740     5.7295     0.8669
    5743     5.7869     0.9086
    5746     5.7474     0.8810
    5749     5.6814     0.8462
    5752     5.7157     0.8931
    5755     5.6141     0.8563
    5758     5.7774     0.9302
    5761     5.7262     0.8903
    5764     5.6750        NaN
    5767     5.6739        NaN
    5770     5.7839        NaN
    5773     5.7268        NaN
    5776     5.6806        NaN
    5779     5.7163        NaN
    5782     5.6818        NaN
    5785     5.6662        NaN
    5788     5.7459        NaN
    5791     5.7403        NaN
    5794     5.7346     0.9597
    5797     5.6729     0.9408
    5800     5.7922     1.0258
    5803     5.8254     1.0366
    5806     5.7346     1.0221
    5809     5.7549     1.0320
    5812     5.6486     1.0120
    5815     5.6794     1.0236
    5818     5.7324     1.0378
    5821     5.7086     1.0353
    5824     5.6848     1.0559
    5827     5.7026     1.0459
    5830     5.7360     1.0360
    5833     5.6744     1.0260
    5836     5.6974     1.0459
    5839     5.7492     1.0769
    5842     5.7293     1.0500
    5845     5.7156     1.0699
    5848     5.6759     1.0897
    5851     5.7063     1.0875
    5854     5.7368     1.0853
    5857     5.7700     1.0830
    5860     5.7583     1.0808
    5863     5.6522     1.0786
    5866     5.7124     1.0763
    5869     5.7138     1.0741
    5872     5.6360     1.0836
    5875     5.6377     1.0943
    5878     5.8009     1.1050
    5881     5.6599     1.0893
    5884     5.7252     1.1005
    5887     5.6209     1.0988
    5890     5.7281     1.1046
    5893     5.7866     1.0783
    5896     5.7673     1.1180
    5899     5.7310     1.0727
    5902     5.7027     1.0522
    5905     5.7280     1.1069
    5908     5.7438     1.0953
    5911     5.6930     1.1478
    5914     5.6423     1.1070
    5917     5.6808     1.0662
    5920     5.7772     1.0477
    5923     5.7159     1.0293
    5926     5.7445     1.0199
    5929     5.6901     1.0106
    5932     5.6460     1.0012
    5935     5.6771     0.9859
    5938     5.6686     0.9705
    5941     5.7028     1.0346
    5944     5.7369     1.0987
    5947     5.7250     0.9894
    5950     5.6791     1.0186
    5953     5.7174     1.0477
    5956     5.7471     1.0143
    5959     5.7391     0.9964
    5962     5.6558     0.9786
    5965     5.7670     0.9769
    5968     5.5932     0.9753
    5971     5.6522     0.9737
    5974     5.7111     0.9721
    5977     5.7701     0.9745
    5980     5.7708     0.9713
    5983     5.7589     0.9454
    5986     5.7381     0.9508
    5989     5.8251     0.9400
    5992     5.8063     0.9320
    5995     5.7549     0.8685
    5998     5.7575     0.8780
    6001     5.7601     0.8875
    6004     5.7627     0.8970
    6007     5.7653     0.9064
    6010     5.7679     0.9159
    6013     5.7726     0.9048
    6016     5.7858     0.9051
    6019     5.7494     0.8962
    6022     5.7641     0.8873
    6025     5.8405     0.8930
    6028     5.8081     0.8777
    6031     5.7925     0.8941
    6034     5.7769     0.9105
    6037     5.7921     0.8715
    6040     5.8274     0.8970
    6043     5.8308     0.9225
    6046     5.8067     0.8945
    6049     5.7355     0.8665
    6052     5.7694     0.8573
    6055     5.7414     0.8625
    6058     5.7063     0.9006
    6061     5.7173     0.8812
    6064     5.7284     0.8618
    6067     5.8570     0.9166
    6070     5.7837     0.9713
    6073     5.6529     0.9456
    6076     5.8122     0.9199
    6079     5.8083     0.9281
    6082     5.8202     0.9362
    6085     5.8361     0.9425
    6088     5.8050     0.9569
    6091     5.8054     0.9192
    6094     5.8058     0.9352
    6097     5.7685     0.9072
    6100     5.8417     0.9570
    6103     5.8133     0.9574
    6106     5.8549     0.9684
    6109     5.7777     0.9583
    6112     5.8272     0.9483
    6115     5.8149     0.9097
    6118     5.7512     0.8929
    6121     5.7999     0.8717
    6124     5.8486     0.9643
    6127     5.7922     0.9159
    6130     5.8010     0.9376
    6133     5.7499     0.9593
    6136     5.8620     0.9810
    6139     5.7851     0.9456
    6142     5.8174     0.9372
    6145     5.7963     0.9287
    6148     5.7730     0.9550
    6151     5.8391     0.9671
    6154     5.7741     0.9792
    6157     5.8449     0.9850
    6160     5.7818     0.9908
    6163     5.7752     0.9966
    6166     5.7805     1.0023
    6169     5.7562     0.9719
    6172     5.7129     0.9869
    6175     5.7630     0.9894
    6178     5.8502     1.0036
    6181     5.7834     1.0178
    6184     5.8223     1.0319
    6187     5.8194     1.0225
    6190     5.7638     1.0033
    6193     5.8058     1.0141
    6196     5.7081     1.0249
    6199     5.8729     1.0356
    6202     5.7865     0.9801
    6205     5.8763     1.0827
    6208     5.8250     1.0796
    6211     5.8408     1.0766
    6214     5.8567     1.0736
    6217     5.8688     1.0024
    6220     5.8321     1.0545
    6223     5.8091     1.0639
    6226     5.7487     1.0732
    6229     5.8200     1.0223
    6232     5.7986     1.0396
    6235     5.8775     1.0571
    6238     5.8729     1.0597
    6241     5.8323     1.0623
    6244     5.8203     1.0649
    6247     5.7498     1.0675
    6250     5.7696     1.0701
    6253     5.8935     1.0727
    6256     5.8806     1.1204
    6259     5.8554     1.0558
    6262     5.8613     1.0486
    6265     5.8496     1.1021
    6268     5.8698     1.1045
    6271     5.8794     1.1101
    6274     5.8890     1.1156
    6277     5.8023     1.1108
    6280     5.8803     1.1061
    6283     5.7536     1.0886
    6286     5.8423     1.0712
    6289     5.8461     1.0699
    6292     5.9545     1.1274
    6295     5.8616     1.1077
    6298     5.7887     1.1101
    6301     5.8399     1.1125
    6304     5.8911     1.1149
    6307     5.9502     1.1173
    6310     5.8598     1.0184
    6313     5.8882     1.0261
    6316     5.9831     1.1000
    6319     5.9549     1.0717
    6322     5.9673     1.0934
    6325     5.9850     1.1176
    6328     5.8281     1.1027
    6331     5.8903     1.0877
    6334     5.9525     1.0728
    6337     5.8755     1.0617
    6340     5.9350     0.9810
    6343     5.9742     1.0504
    6346     5.8995     0.9870
    6349     5.9394     1.0428
    6352     5.9202     1.0365
    6355     5.9721     1.0342
    6358     5.9609     1.0311
    6361     5.9705     1.0371
    6364     5.9800     1.0431
    6367     6.0501     1.0199
    6370     5.9993     1.0142
    6373     6.0218     0.9646
    6376     6.0268     1.0351
    6379     5.9703     0.9659
    6382     5.9208     0.9392
    6385     5.9452     0.9950
    6388     5.9878     1.0001
    6391     5.9930     0.9963
    6394     5.9981     0.9925
    6397     6.0710     0.9887
    6400     5.9841     0.9415
    6403     5.9986     0.9512
    6406     5.9775     0.9609
    6409     5.9921     0.9631
    6412     5.9797     0.9653
    6415     6.0178     0.9636
    6418     6.0142     0.9619
    6421     6.0244     0.9602
    6424     6.0345     0.9585
    6427     6.0289     0.9376
    6430     5.9981     0.9167
    6433     6.0561     0.9174
    6436     6.0287     0.9181
    6439     6.0349     0.9424
    6442     6.0330     0.9437
    6445     6.0167     0.9459
    6448     6.0286     0.9482
    6451     6.0075     0.9387
    6454     5.9865     0.9293
    6457     6.1102     0.9842
    6460     5.9722     0.9414
    6463     5.9490     0.9536
    6466     6.1247     1.0035
    6469     5.9776     0.9686
    6472     5.9753     0.9487
    6475     5.9788     0.9710
    6478     5.9808     0.9467
    6481     6.0074     0.9806
    6484     6.0341     1.0146
    6487     6.0434     1.0344
    6490     6.0255     0.9840
    6493     5.9708     0.9728
    6496     5.9776     1.0104
    6499     6.0505     1.0197
    6502     6.1038     1.0291
    6505     6.0517     1.0385
    6508     5.9543     1.0446
    6511     5.9966     1.0507
    6514     6.0388     1.0568
    6517     5.9635     1.0327
    6520     6.0193     1.0393
    6523     6.0223     1.0348
    6526     5.9681     1.0304
    6529     6.0561     1.0499
    6532     6.0008     1.0994
    6535     5.9698     1.0468
    6538     5.9532     1.0399
    6541     5.9684     1.0529
    6544     5.9836     1.0658
    6547     5.9358     1.0774
    6550     5.8799     1.0889
    6553     5.9595     1.1005
    6556     6.0055     1.1120
    6559     6.0189     1.1308
    6562     5.9909     1.0473
    6565     5.9869     1.1431
    6568     6.0688     1.1239
    6571     6.0093     1.0765
    6574     5.9498     1.0715
    6577     5.9989     1.0603
    6580     6.0185     1.0869
    6583     5.9755     1.1054
    6586     5.9882     1.1137
    6589     5.9519     1.1221
    6592     5.9601     1.0953
    6595     5.9730     1.0912
    6598     5.9985     1.0871
    6601     5.9174     1.0830
    6604     5.8364     1.0789
    6607     5.9642     1.0749
    6610     5.9943     1.0662
    6613     5.8924     1.1004
    6616     5.9961     1.1347
    6619     5.9601     1.0627
    6622     5.8749     1.0647
    6625     5.9340     1.0666
    6628     5.9478     1.0576
    6631     5.9273     1.0304
    6634     5.9068     1.0033
    6637     5.9389     0.9515
    6640     5.9548     1.0829
    6643     5.9386     1.0545
    6646     5.9114     0.9965
    6649     5.9659     1.0334
    6652     5.9754     1.0592
    6655     5.9901     1.0296
    6658     5.9358     1.0470
    6661     5.9411     1.0434
    6664     5.9465     1.0398
    6667     5.8806     1.0209
    6670     5.9013     1.0020
    6673     5.9914     1.0169
    6676     6.0084     1.0479
    6679     6.0010     1.0418
    6682     6.0311     1.0525
    6685     5.9799     1.0256
    6688     6.0305     1.0155
    6691     6.0096     1.0055
    6694     5.9887     0.9954
    6697     6.0144     0.9688
    6700     6.0093     1.0282
    6703     6.0473     1.0230
    6706     6.0145     1.0031
    6709     6.0369     0.9992
    6712     6.0626     1.0077
    6715     6.0259     1.0390
    6718     6.0432     1.0001
    6721     6.0257     0.9924
    6724     6.0082     0.9847
    6727     6.0340     1.0039
    6730     6.0566     0.9967
    6733     6.0339     0.9916
    6736     6.0016     0.9769
    6739     5.9918     0.9705
    6742     6.0133     0.9965
    6745     6.0002     0.9846
    6748     6.0135     0.9312
    6751     6.0023     0.9514
    6754     5.9911     0.9717
    6757     5.8876     0.9891
    6760     6.0216     0.9867
    6763     6.0059     0.9150
    6766     6.0335     0.9926
    6769     5.9943     0.9264
    6772     5.9949     0.9462
    6775     6.0648     0.9660
    6778     6.0540     1.0074
    6781     6.0432     1.0092
    6784     6.0324     1.0110
    6787     6.0216     0.9910
    6790     6.0108     0.9756
    6793     6.0496     0.9915
    6796     6.1118     1.0071
    6799     6.0417     0.9775
    6802     6.0987     1.0147
    6805     6.0928     0.9405
    6808     6.0188     0.9717
    6811     6.0490     0.9706
    6814     6.0792     0.9695
    6817     6.0173     0.9914
    6820     6.0788     1.0132
    6823     6.0669     0.9957
    6826     6.0928     0.9873
    6829     6.0885     1.0217
    6832     6.0720     0.9863
    6835     5.9689     0.9681
    6838     6.1497     1.0500
    6841     6.0914     1.0464
    6844     6.0331     1.0428
    6847     6.1199     1.0674
    6850     6.0549     1.0411
    6853     6.0014     1.0558
    6856     6.0112     1.0174
    6859     6.0746     1.0701
    6862     6.0170     1.0362
    6865     6.0650     1.0936
    6868     6.0121     1.0933
    6871     6.0463     1.0635
    6874     6.0805     1.1406
    6877     5.9924     1.1242
    6880     6.0634     1.1311
    6883     6.0353     1.0948
    6886     6.0331     1.1005
    6889     6.0846     1.1243
    6892     6.0397     1.1147
    6895     6.0124     1.1379
    6898     6.0043     1.1244
    6901     6.0366     1.1559
    6904     6.0688     1.1875
    6907     6.0347     1.1559
    6910     6.0893     1.1745
    6913     5.9726     1.1805
    6916     5.9955     1.1866
    6919     6.0743     1.1926
    6922     5.9889     1.1514
    6925     6.0369     1.2168
    6928     6.0695     1.2821
    6931     6.0542     1.2191
    6934     6.0613     1.2120
    6937     5.9399     1.2050
    6940     5.9885     1.1980
    6943     5.9197     1.2172
    6946     6.1092     1.2249
    6949     5.9416     1.2326
    6952     5.9608     1.2404
    6955     6.0197     1.2481
    6958     6.0412     1.2559
    6961     6.0255     1.2334
    6964     5.9999     1.2110
    6967     6.0480     1.2088
    6970     5.9630     1.2066
    6973     6.0505     1.2181
    6976     6.0075     1.2296
    6979     6.3073     1.2555
    6982     6.0325     1.2486
    6985     6.0234     1.2569
    6988     6.0359     1.2088
    6991     5.9558     1.1952
    6994     5.9916     1.2555
    6997     6.0354     1.2512
    7000     6.0408     1.1939
    7003     5.9441     1.2233
    7006     6.0584     1.2528
    7009     5.9860     1.2170
    7012     6.0374     1.1993
    7015     6.0294     1.2023
    7018     6.0220     1.2053
    7021     6.0492     1.2083
    7024     6.0764     1.2113
    7027     6.0303     1.1596
    7030     6.0010     1.1891
    7033     6.0404     1.1646
    7036     6.0136     1.1401
    7039     5.9951     1.1584
    7042     6.0729     1.1767
    7045     6.1024     1.1950
    7048     6.0771     1.1376
    7051     6.0831     1.1228
    7054     6.0890     1.1080
    7057     6.0566     1.1365
    7060     6.1006     1.1386
    7063     6.0835     1.1308
    7066     6.1035     1.1229
    7069     6.0805     1.1361
    7072     6.0582     1.1111
    7075     6.0808     1.0861
    7078     6.0869     1.0610
    7081     6.0946     1.0501
    7084     6.1024     1.0392
    7087     6.1024     1.0840
    7090     6.1087     1.1252
    7093     6.0904     1.0173
    7096     6.1315     1.0769
    7099     6.0549     1.0843
    7102     6.1311     1.0342
    7105     6.0606     1.0290
    7108     6.1013     1.0974
    7111     6.1420     1.1657
    7114     6.1827     1.2341
    7117     6.1551     1.2435
    7120     6.1181     1.2294
    7123     6.1572     1.2244
    7126     6.1330     1.2060
    7129     6.1010     1.1876
    7132     6.1175     1.1755
    7135     6.1569     1.1593
    7138     6.1148     1.1431
    7141     6.1352     1.2060
    7144     6.1557     1.2045
    7147     6.1048     1.1443
    7150     6.1699     1.1701
    7153     6.1705     1.1613
    7156     6.1290     1.1286
    7159     6.0634     1.1222
    7162     6.1339     1.1159
    7165     6.0260     1.1122
    7168     6.0608     1.1085
    7171     6.1100     1.1048
    7174     6.1592     1.1011
    7177     6.1806     1.0974
    7180     6.1566     1.0716
    7183     6.2303     1.1710
    7186     6.1766     1.1237
    7189     6.2341     1.1810
    7192     6.1379     1.0750
    7195     6.1090     1.0765
    7198     6.1042     1.0780
    7201     6.0664     1.1061
    7204     6.0286     1.1342
    7207     6.2258     1.1623
    7210     6.1167     1.1241
    7213     6.1955     1.0858
    7216     6.1518     1.1175
    7219     6.1213     1.1135
    7222     6.1533     1.1096
    7225     6.1275     1.1057
    7228     6.1376     1.0663
    7231     6.1285     1.0531
    7234     6.1193     1.0399
    7237     6.0497     1.0183
    7240     6.1132     1.0824
    7243     6.1350     1.0883
    7246     6.1364     1.1013
    7249     6.1280     1.0820
    7252     6.1471     1.0985
    7255     6.1434     1.0743
    7258     6.1567     1.1084
    7261     6.1464     1.1121
    7264     6.1360     1.1159
    7267     6.0897     1.1196
    7270     6.0967     1.1234
    7273     6.1201     1.1264
    7276     6.1091     1.1693
    7279     6.1023     1.1750
    7282     6.0742     1.1220
    7285     6.1445     1.1970
    7288     6.0875     1.1414
    7291     6.1054     1.1554
    7294     6.1233     1.1694
    7297     6.0655     1.1790
    7300     6.0489     1.1772
    7303     5.9743     1.1847
    7306     6.0011     1.1921
    7309     6.0504     1.1996
    7312     6.0438     1.2071
    7315     6.0091     1.2146
    7318     6.0515     1.2221
    7321     6.0372     1.2296
    7324     6.0032     1.2128
    7327     6.1275     1.2572
    7330     6.0366     1.2185
    7333     6.0738     1.2725
    7336     6.0516     1.2281
    7339     6.0928     1.2678
    7342     6.0683     1.2491
    7345     5.9522     1.2305
    7348     5.9244     1.2118
    7351     6.0031     1.2267
    7354     6.0817     1.2416
    7357     6.0170     1.2321
    7360     6.1212     1.2109
    7363     6.0483     1.1897
    7366     6.0904     1.2107
    7369     6.0878     1.2561
    7372     6.0846     1.2255
    7375     6.0697     1.2258
    7378     6.0505     1.2261
    7381     6.0756     1.2264
    7384     6.1008     1.2267
    7387     6.1610     1.2142
    7390     6.1068     1.2267
    7393     6.0180     1.2163
    7396     6.0738     1.2060
    7399     6.0975     1.1950
    7402     6.0752     1.2108
    7405     6.0633     1.2289
    7408     6.1388     1.2324
    7411     6.1455     1.2153
    7414     6.1521     1.2456
    7417     6.1431     1.2022
    7420     6.0454     1.1511
    7423     6.1065     1.1621
    7426     6.0447     1.1882
    7429     6.0899     1.1791
    7432     6.1019     1.1861
    7435     6.1095     1.1894
    7438     6.1215     1.1753
    7441     6.1301     1.1768
    7444     6.1387     1.1783
    7447     6.1260     1.1327
    7450     6.1695     1.1792
    7453     6.1450     1.1150
    7456     6.1748     1.1532
    7459     6.1056     1.1090
    7462     6.0990     1.1384
    7465     6.0923     1.0970
    7468     6.1107     1.0991
    7471     6.1237     1.0365
    7474     6.1367     1.0751
    7477     6.1636     1.1136
    7480     6.1241     1.0767
    7483     6.0707     1.0601
    7486     6.1228     1.0319
    7489     6.1618     1.0567
    7492     6.1709     1.0805
    7495     6.1459     1.0310
    7498     6.1435     1.0414
    7501     6.1468     1.0316
    7504     6.1502     1.0217
    7507     6.2023     1.0505
    7510     6.1660     1.0579
    7513     6.1228     1.0281
    7516     6.1792     1.0568
    7519     6.1026     1.0120
    7522     6.2108     1.0173
    7525     6.1534     1.0335
    7528     6.2007     1.0799
    7531     6.1680     1.0363
    7534     6.1353     0.9927
    7537     6.2260     0.9889
    7540     6.2045     1.0022
    7543     6.1300     0.9540
    7546     6.2369     0.9438
    7549     6.1896     0.9500
    7552     6.1775     0.9561
    7555     6.1798     0.9508
    7558     6.1814     0.9460
    7561     6.1829     0.9413
    7564     6.1845     0.9365
    7567     6.1861     0.9317
    7570     6.1876     0.9270
    7573     6.1892     0.9222
    7576     6.1907     0.9175
    7579     6.1923     0.9127
    7582     6.1939     0.9079
    7585     6.1954     0.9032
    7588     6.1970     0.8984
    7591     6.1985     0.8936
    7594     6.2001     0.8889
    7597     6.2017     0.8841
    7600     6.2032     0.8794
    7603     6.2048     0.8746
    7606     6.2064     0.8698
    7609     6.2079     0.8651
