;Corrections to calculate VIRGO TSI from PMO6V or DIARAD level-1 data
;   values after Mission Day 7514 are extrapolated until 7540 (23:07:2016)
;   Mission Day 31.0 corresponds to 1 January 1996, 00 UTC
;   file written: Wed Jun 08 15:29:16 2016
;Algorism: VIRGO_TSI=(Rad_level_1+CorRad)*ratio_vir2Rad with Rad=PMO6V or DIARAD
;    CorRad is from table below and should be interpolated to MDay of Rad_level_1
;    if only PMO6V or DIARAD level2 are needed, no multiplication by ratio_vir2rad is needed
1.00030888 ;ratio_vir2PMO6V (f10.8)
0.99969307 ;ratio_vir2DIARAD (f10.8)
;Colums:  MissionDay, Cor_PMO6V and Cor_DIARAD formated as (i8,2f11.4)
      58    -0.4289     1.8923
      61    -0.5136     1.0087
      64    -0.5169     0.3986
      67    -0.5617     0.0622
      70    -0.5675    -0.0025
      73    -0.5200    -0.0344
      76    -0.4724    -0.0558
      79    -0.4249    -0.0370
      82    -0.3774    -0.0409
      85    -0.3299    -0.0248
      88    -0.3417    -0.0457
      91    -0.2872    -0.0329
      94    -0.2417    -0.0201
      97    -0.2759    -0.0313
     100    -0.3100    -0.0425
     103    -0.3442    -0.0537
     106    -0.3183    -0.0402
     109    -0.2923    -0.0266
     112    -0.2463    -0.0222
     115    -0.3944    -0.0400
     118    -0.2728    -0.0752
     121    -0.1512    -0.0509
     124    -0.1748    -0.0878
     127    -0.1983    -0.0401
     130    -0.2219    -0.0777
     133    -0.2174    -0.0566
     136    -0.2354    -0.0305
     139    -0.2535    -0.0555
     142    -0.2261    -0.0601
     145    -0.1987    -0.0461
     148    -0.1368    -0.0637
     151    -0.1582    -0.0508
     154    -0.1555    -0.0605
     157    -0.2191    -0.0860
     160    -0.1165    -0.0881
     163    -0.2101    -0.0510
     166    -0.1917    -0.0669
     169    -0.1732    -0.0829
     172    -0.0394    -0.0437
     175    -0.3273    -0.0445
     178    -0.0497    -0.0428
     181     0.0155    -0.0363
     184    -0.0444    -0.0778
     187    -0.0381    -0.0434
     190    -0.0319    -0.0845
     193     0.0033    -0.0619
     196     0.0299    -0.0606
     199     0.0348    -0.1135
     202     0.0511    -0.0771
     205     0.1192    -0.0214
     208     0.1079    -0.0581
     211     0.1432    -0.0357
     214     0.1213    -0.0843
     217     0.1923    -0.0629
     220     0.1374    -0.0794
     223     0.1459    -0.0462
     226     0.2127    -0.0233
     229     0.2152    -0.0511
     232     0.2367    -0.0335
     235     0.2140    -0.0521
     238     0.1921    -0.0518
     241     0.2598    -0.0549
     244     0.2636    -0.0372
     247     0.2807    -0.0602
     250     0.2977    -0.0521
     253     0.2920    -0.0409
     256     0.3475    -0.0297
     259     0.3178    -0.0210
     262     0.3128    -0.0211
     265     0.3828    -0.0157
     268     0.3670    -0.0135
     271     0.4161     0.0093
     274     0.3832    -0.0316
     277     0.3330    -0.0549
     280     0.3638    -0.0379
     283     0.3947     0.0245
     286     0.4256     0.0868
     289     0.4565     0.1491
     292     0.4665     0.2115
     295     0.4947     0.1445
     298     0.4981     0.0543
     301     0.5102    -0.0445
     304     0.4916    -0.1262
     307     0.5161    -0.1751
     310     0.5109    -0.2240
     313     0.5371    -0.3064
     316     0.5236    -0.4006
     319     0.5101    -0.4063
     322     0.6070    -0.3927
     325     0.6071     0.3356
     328     0.5250     0.2886
     331     0.5265     0.1906
     334     0.5800     0.1854
     337     0.5983     0.1524
     340     0.6264     0.1662
     343     0.6710     0.1168
     346     0.6824     0.1046
     349     0.6938     0.1195
     352     0.6331     0.0554
     355     0.6724     0.0406
     358     0.6143     0.0584
     361     0.7189     0.0192
     364     0.7587     0.0151
     367     0.7439     0.0046
     370     0.7290    -0.0197
     373     0.6859    -0.1038
     376     0.7527    -0.0549
     379     0.7100    -0.0979
     382     0.7366    -0.0447
     385     0.6872    -0.1250
     388     0.7273    -0.1009
     391     0.7184    -0.1370
     394     0.7182    -0.1444
     397     0.7998    -0.1090
     400     0.7474    -0.1583
     403     0.7942    -0.1088
     406     0.8300    -0.1399
     409     0.8366    -0.1258
     412     0.8409    -0.1654
     415     0.8145    -0.1600
     418     0.7940    -0.1148
     421     0.7465    -0.1502
     424     0.8132    -0.1467
     427     0.8484    -0.1128
     430     0.8836    -0.0790
     433     0.8403    -0.1263
     436     0.8187    -0.1451
     439     0.8871    -0.1540
     442     0.7689    -0.1316
     445     0.8208    -0.1494
     448     0.8727    -0.1708
     451     0.8723    -0.1478
     454     0.8866    -0.1877
     457     0.9922    -0.1606
     460     0.8967    -0.2055
     463     0.8940    -0.1810
     466     0.8536    -0.2170
     469     0.9009    -0.1990
     472     0.9054    -0.1825
     475     0.9099    -0.1867
     478     0.9145    -0.2140
     481     0.9277    -0.1764
     484     0.9409    -0.2610
     487     0.9592    -0.2231
     490     0.9776    -0.1851
     493     0.9578    -0.2578
     496     0.9771    -0.2066
     499     0.9621    -0.2344
     502     0.9806    -0.2775
     505     0.9991    -0.2506
     508     1.0181    -0.2337
     511     1.0001    -0.2620
     514     0.9820    -0.2434
     517     0.9814    -0.2788
     520     0.9809    -0.2495
     523     0.9803    -0.2496
     526     1.0190    -0.2497
     529     1.0577    -0.2498
     532     1.0487    -0.3029
     535     1.0398    -0.2839
     538     1.0308    -0.2650
     541     1.0892    -0.2875
     544     1.0672    -0.2724
     547     1.0709    -0.2698
     550     1.0745    -0.2673
     553     1.0564    -0.2986
     556     1.0607    -0.2871
     559     1.0914    -0.2746
     562     1.0945    -0.2811
     565     1.0977    -0.2876
     568     1.0760    -0.2982
     571     1.1317    -0.3073
     574     1.0896    -0.2872
     577     1.0955    -0.2818
     580     1.1013    -0.3045
     583     1.1072    -0.3078
     586     1.1026    -0.2666
     589     1.1253    -0.3103
     592     1.1159    -0.3077
     595     1.1371    -0.3096
     598     1.1583    -0.2970
     601     1.0142    -0.3225
     604     1.1685    -0.3148
     607     1.1619    -0.2945
     610     1.1552    -0.2742
     613     1.1273    -0.2789
     616     1.1054    -0.2974
     619     1.1508    -0.2861
     622     1.1873    -0.3181
     625     1.1091    -0.3346
     628     1.2119    -0.2842
     631     1.2487    -0.1903
     634     1.1453    -0.3185
     637     1.1406    -0.2882
     640     1.1358    -0.3077
     643     1.2267    -0.3098
     646     1.2369    -0.3115
     649     1.2059    -0.3034
     652     1.2216    -0.3343
     655     1.2373    -0.3260
     658     1.2530    -0.2785
     661     1.1961    -0.2603
     664     1.0527    -0.3340
     667     1.1036    -0.3181
     670     1.1545    -0.3023
     673     1.2054    -0.2887
     676     1.2609    -0.2765
     679     1.2238    -0.2904
     682     1.2028    -0.2837
     685     1.2306    -0.2609
     688     1.2584    -0.3085
     691     1.2396    -0.2352
     694     1.3229    -0.2697
     697     1.2215    -0.2980
     700     1.2405    -0.3178
     703     1.2595    -0.2476
     706     1.2782    -0.2220
     709     1.2968    -0.2490
     712     1.3645    -0.2682
     715     1.4050    -0.2077
     718     1.3452    -0.2553
     721     1.3636    -0.2213
     724     1.3821    -0.2280
     727     1.3798    -0.2140
     730     1.3776    -0.2394
     733     1.3753    -0.2949
     736     1.3949    -0.2423
     739     1.4877    -0.2506
     742     1.4937    -0.2357
     745     1.4211    -0.2741
     748     1.4708    -0.2272
     751     1.4504    -0.2348
     754     1.5002    -0.2629
     757     1.4831    -0.2500
     760     1.4989    -0.1938
     763     1.4764    -0.2321
     766     1.4595    -0.2269
     769     1.5468    -0.2659
     772     1.5512    -0.2439
     775     1.6175    -0.2354
     778     1.6626    -0.1999
     781     1.6005    -0.2201
     784     1.6180    -0.2194
     787     1.6413    -0.2150
     790     1.6645    -0.2105
     793     1.6390    -0.2312
     796     1.6674    -0.2574
     799     1.6763    -0.2411
     802     1.7230    -0.2231
     805     1.7266    -0.2147
     808     1.6675    -0.2736
     811     1.7057    -0.2644
     814     1.7439    -0.2552
     817     1.7569    -0.2305
     820     1.7699    -0.2871
     823     1.7686    -0.2832
     826     1.7673    -0.2793
     829     1.7660    -0.2755
     832     1.7837    -0.2507
     835     1.7889    -0.2305
     838     1.8144    -0.2691
     841     1.8085    -0.2726
     844     1.8027    -0.2761
     847     1.7969    -0.2819
     850     1.7910    -0.2877
     853     1.8582    -0.3065
     856     1.9053    -0.2678
     859     1.8768    -0.3152
     862     1.9137    -0.2756
     865     1.9506    -0.2435
     868     1.9959    -0.2734
     871     1.9366    -0.2947
     874     1.8773    -0.3161
     877     1.8993    -0.2998
     880     2.0222    -0.2692
     883     1.9964    -0.2872
     886     1.9705    -0.2835
     889     2.0139    -0.3260
     892     1.9964    -0.3049
     895     1.9790    -0.3137
     898     2.0226    -0.3302
     901     2.0127    -0.2919
     904     2.0027    -0.3466
     907     2.1240    -0.2726
     910     2.1745    -0.2812
     913     2.0687    -0.3317
     916     2.0943    -0.3440
     919     2.1966    -0.3273
     922     2.1418    -0.3051
     925     2.0870    -0.3676
     928     2.0257    -0.3638
     931     2.1076    -0.3509
     934     2.1894    -0.2938
     937        NaN        NaN
     940        NaN        NaN
     943        NaN        NaN
     946        NaN        NaN
     949        NaN        NaN
     952        NaN        NaN
     955        NaN        NaN
     958        NaN        NaN
     961        NaN        NaN
     964        NaN        NaN
     967        NaN        NaN
     970        NaN        NaN
     973        NaN        NaN
     976        NaN        NaN
     979        NaN        NaN
     982        NaN        NaN
     985        NaN        NaN
     988        NaN        NaN
     991        NaN        NaN
     994        NaN        NaN
     997        NaN        NaN
    1000        NaN        NaN
    1003        NaN        NaN
    1006        NaN        NaN
    1009        NaN        NaN
    1012        NaN        NaN
    1015        NaN        NaN
    1018        NaN        NaN
    1021        NaN        NaN
    1024        NaN        NaN
    1027        NaN        NaN
    1030        NaN        NaN
    1033        NaN        NaN
    1036        NaN        NaN
    1039        NaN        NaN
    1042        NaN        NaN
    1045     2.1941     0.8310
    1048     2.1252     0.8151
    1051     2.1422     0.8036
    1054     2.1591     0.0412
    1057     2.1434     0.0189
    1060     2.1085     0.0401
    1063     2.1494     0.0066
    1066     2.2013     0.0429
    1069     2.1377     0.0144
    1072     2.1358     0.0450
    1075     2.1338     0.0999
    1078     2.2006     0.0334
    1081     2.1588     0.0168
    1084     2.1171     0.0002
    1087     2.1895     0.0419
    1090     2.2315     0.0510
    1093     2.2165     0.0149
    1096     2.1850     0.0554
    1099     2.1245     0.0770
    1102     2.2524     0.0254
    1105     2.2058     0.0200
    1108     2.2708     0.0794
    1111        NaN        NaN
    1114        NaN        NaN
    1117        NaN        NaN
    1120        NaN        NaN
    1123        NaN        NaN
    1126        NaN        NaN
    1129        NaN        NaN
    1132        NaN        NaN
    1135        NaN        NaN
    1138        NaN        NaN
    1141        NaN        NaN
    1144        NaN        NaN
    1147        NaN        NaN
    1150        NaN        NaN
    1153        NaN        NaN
    1156        NaN        NaN
    1159        NaN        NaN
    1162        NaN     0.0463
    1165     2.4095     0.0402
    1168     2.3722     0.0336
    1171     2.3905     0.0436
    1174     2.4088     0.0537
    1177     2.4271     0.0638
    1180     2.4341     0.0746
    1183     2.5336     0.0705
    1186     2.4408     0.0264
    1189     2.4841     0.0744
    1192     2.4869     0.0879
    1195     2.5549     0.1039
    1198     2.5110     0.0966
    1201     2.5336     0.0955
    1204     2.5562     0.0944
    1207     2.4794     0.0805
    1210     2.5182     0.0739
    1213     2.5295     0.1111
    1216     2.5407     0.0938
    1219     2.5262     0.0452
    1222     2.5464     0.1034
    1225     2.5665     0.1161
    1228     2.6228     0.0787
    1231     2.5985     0.0677
    1234     2.5742     0.0752
    1237     2.6019     0.0973
    1240     2.5891     0.0932
    1243     2.6532     0.0762
    1246     2.6494     0.0621
    1249     2.6745     0.1216
    1252     2.5899     0.1201
    1255     2.6673     0.0995
    1258     2.6531     0.0903
    1261     2.6836     0.1165
    1264     2.7140     0.1302
    1267     2.7222     0.1268
    1270     2.7488     0.1545
    1273     2.7492     0.0953
    1276     2.7495     0.1322
    1279     2.8091     0.1767
    1282     2.7975     0.1127
    1285     2.7860     0.1186
    1288     2.7346     0.1125
    1291     2.7434     0.1120
    1294     2.7521     0.1115
    1297     2.7209     0.1097
    1300     2.7863     0.1144
    1303     2.7710     0.1290
    1306     2.7557     0.1200
    1309     2.8306     0.1202
    1312     2.8200     0.1763
    1315     2.8095     0.1389
    1318     2.7835     0.1345
    1321     2.7942     0.1397
    1324     2.8049     0.1448
    1327     2.8246     0.1777
    1330     2.8265     0.1540
    1333     2.9348     0.2070
    1336     2.8259     0.1554
    1339     2.8661     0.1019
    1342     2.8832     0.1865
    1345     2.9004     0.1482
    1348     2.9097     0.1704
    1351     2.9039     0.1499
    1354     2.8981     0.1310
    1357     2.9387     0.1943
    1360     2.9243     0.1762
    1363     2.9328     0.1694
    1366     2.8687     0.1641
    1369     2.9245     0.1795
    1372     2.9588     0.1805
    1375     2.8996     0.2042
    1378     2.9623     0.1859
    1381     2.9880     0.1531
    1384     3.0137     0.2003
    1387     2.9382     0.1234
    1390     2.9882     0.1573
    1393     2.9719     0.1149
    1396     2.9555     0.1509
    1399     2.9923     0.1588
    1402     2.9181     0.1499
    1405     3.0422     0.1693
    1408     2.9950     0.1384
    1411     2.9775     0.1270
    1414     2.9601     0.1156
    1417     2.9859     0.1343
    1420     3.0445     0.1356
    1423     2.9226     0.0946
    1426     3.0731     0.1726
    1429     3.0585     0.1478
    1432     2.9719     0.1389
    1435     3.0584     0.1609
    1438     3.0480     0.1887
    1441     3.0383     0.1505
    1444     3.0286     0.1124
    1447     3.0602     0.1333
    1450     3.1242     0.1783
    1453     3.1369     0.1918
    1456     3.1194     0.1212
    1459     3.1063        NaN
    1462     3.0933        NaN
    1465     3.0803        NaN
    1468     3.1400        NaN
    1471     3.0930        NaN
    1474     3.0460        NaN
    1477     3.1419        NaN
    1480     3.1201        NaN
    1483     3.1304        NaN
    1486     3.2508        NaN
    1489     3.1472        NaN
    1492     3.2322        NaN
    1495     3.2638     0.1734
    1498     3.2763     0.1217
    1501     3.2889     0.0700
    1504     3.3015     0.1623
    1507     3.2387     0.0764
    1510     3.1942     0.0965
    1513     3.1944     0.0778
    1516     3.2356     0.0628
    1519     3.2905     0.1228
    1522     3.1871     0.1061
    1525     3.3150     0.1103
    1528     3.2646     0.0941
    1531     3.2676     0.0840
    1534     3.2707     0.0739
    1537     3.2912     0.0749
    1540     3.2848     0.0500
    1543     3.2857     0.0860
    1546     3.2866     0.0662
    1549     3.3323     0.0406
    1552     3.3661     0.1020
    1555     3.3101     0.0658
    1558     3.3588     0.0738
    1561     3.3474     0.0648
    1564     3.3360     0.0557
    1567     3.3618     0.0607
    1570     3.3600     0.0814
    1573     3.3751     0.1301
    1576     3.3902     0.0724
    1579     3.4007     0.0901
    1582     3.4276     0.0475
    1585     3.4545     0.0996
    1588     3.3892     0.0752
    1591     3.4390     0.0615
    1594     3.4888     0.1011
    1597     3.4070     0.0661
    1600     3.3582     0.1076
    1603     3.3758     0.0478
    1606     3.4292     0.0399
    1609     3.3948     0.0752
    1612     3.4171     0.0880
    1615     3.4810     0.0797
    1618     3.4832     0.0903
    1621     3.5223     0.1120
    1624     3.5613     0.1337
    1627     3.4786     0.0535
    1630     3.4448     0.0497
    1633     3.4862     0.1341
    1636     3.5277     0.1053
    1639     3.5467     0.1315
    1642     3.5698     0.0967
    1645     3.5310     0.0916
    1648     3.5243     0.1065
    1651     3.5454     0.1103
    1654     3.5665     0.1140
    1657     3.6693     0.1215
    1660     3.5288     0.1350
    1663     3.5868     0.1037
    1666     3.6001     0.0991
    1669     3.6464     0.1493
    1672     3.6166     0.1349
    1675     3.5867     0.0879
    1678     3.6420     0.0936
    1681     3.6237     0.1415
    1684     3.6053     0.1289
    1687     3.9360     0.0896
    1690     3.6967     0.1576
    1693     3.6650     0.1071
    1696     3.6333     0.1507
    1699     3.7431     0.1653
    1702     3.6494     0.1151
    1705     3.6914     0.1105
    1708     3.6174     0.1025
    1711     3.6445     0.1452
    1714     3.6715     0.1155
    1717     3.7318     0.1203
    1720     3.6770     0.0927
    1723     3.7071     0.0975
    1726     3.7026     0.0921
    1729     3.6530     0.0718
    1732     3.5701     0.0803
    1735     3.6615     0.0330
    1738     3.6548     0.0333
    1741     3.7285     0.1209
    1744     3.7349     0.0780
    1747     3.7121     0.0724
    1750     3.7201     0.0849
    1753     3.6755     0.0204
    1756     3.6668     0.0628
    1759     3.8038     0.1080
    1762     3.7659     0.1207
    1765     3.7279     0.0702
    1768     3.6615     0.0725
    1771     3.6900     0.0330
    1774     3.7185     0.0213
    1777     3.6950     0.0178
    1780     3.7584     0.0111
    1783     3.7494     0.0004
    1786     3.7404     0.0618
    1789     3.7147     0.0382
    1792     3.7370     0.0106
    1795     3.7594     0.0079
    1798     3.8057     0.0053
    1801     3.7803    -0.0163
    1804     3.7550    -0.0379
    1807     3.8721     0.0363
    1810     3.8114    -0.0381
    1813     3.8623     0.0314
    1816     3.8164    -0.0763
    1819     3.7692    -0.0732
    1822     3.7437    -0.0262
    1825     3.7757    -0.0292
    1828     3.8077    -0.0321
    1831     3.8397    -0.0376
    1834     3.8716    -0.0431
    1837     3.8353    -0.0827
    1840     3.8644    -0.0325
    1843     3.8456    -0.0532
    1846     3.8268    -0.0990
    1849     3.8018    -0.0956
    1852     3.8045    -0.0761
    1855     3.8073    -0.1317
    1858     3.8727    -0.0651
    1861     3.8395    -0.1237
    1864     3.8062    -0.1043
    1867     3.8500    -0.0985
    1870     3.9066    -0.0969
    1873     3.9633    -0.0991
    1876     3.8260    -0.1012
    1879     3.9377    -0.1540
    1882     3.8574    -0.1800
    1885     3.8902    -0.1615
    1888     3.9063    -0.1557
    1891     3.8925    -0.1453
    1894     3.9101    -0.1348
    1897     3.8909    -0.1407
    1900     3.8874    -0.1259
    1903     3.9019    -0.1436
    1906     3.8784    -0.1513
    1909     3.9551    -0.0999
    1912     3.9566    -0.1086
    1915     3.9293    -0.1733
    1918     4.0026    -0.0830
    1921     3.9921    -0.0690
    1924     3.9817    -0.0550
    1927     3.9326    -0.1431
    1930     3.9175    -0.0908
    1933     3.9532    -0.1304
    1936     3.9889    -0.1529
    1939     4.0204    -0.0765
    1942     3.9755    -0.1139
    1945     3.9631    -0.1171
    1948     4.0010    -0.0925
    1951     3.9765    -0.1161
    1954     3.9521    -0.0791
    1957     4.0414    -0.0736
    1960     4.0125    -0.1122
    1963     4.0242    -0.0997
    1966     4.0359    -0.0970
    1969     4.0680    -0.0739
    1972     4.0692    -0.0934
    1975     4.0705    -0.0540
    1978     4.0725    -0.0390
    1981     4.0386    -0.0177
    1984     4.0047    -0.0270
    1987     4.0462    -0.1054
    1990     4.0780    -0.0012
    1993     4.0784     0.0241
    1996     4.0789    -0.0109
    1999     4.0107    -0.0580
    2002     4.0283     0.0172
    2005     4.0460    -0.0430
    2008     4.0520    -0.0259
    2011     4.0816    -0.0210
    2014     4.1112    -0.0311
    2017     4.1437     0.0445
    2020     4.1162     0.0260
    2023     4.1294    -0.0102
    2026     4.1426     0.0314
    2029     4.1217     0.0457
    2032     4.0769     0.0139
    2035     4.1074     0.0168
    2038     4.1569     0.0449
    2041     4.1417     0.0418
    2044     4.1264     0.0386
    2047     4.1688     0.0629
    2050     4.1794     0.0479
    2053     4.1181    -0.0102
    2056     4.1617    -0.0059
    2059     4.2100     0.0327
    2062     4.0892    -0.0163
    2065     4.2227     0.0337
    2068     4.2176     0.0207
    2071     4.2206     0.0076
    2074     4.2237     0.0687
    2077     4.1093    -0.0357
    2080     4.1916     0.0244
    2083     4.1178    -0.0125
    2086     4.1081    -0.0635
    2089     4.2150    -0.0035
    2092     4.2133    -0.0245
    2095     4.2117     0.0079
    2098     4.1385    -0.0609
    2101     4.1027    -0.0749
    2104     4.0669    -0.0889
    2107     4.1406    -0.0714
    2110     4.2008    -0.0045
    2113     4.1552    -0.1002
    2116     4.1542    -0.0833
    2119     4.1829    -0.0784
    2122     4.1888    -0.0637
    2125     4.1946    -0.0799
    2128     4.1670    -0.0798
    2131     4.1720    -0.1082
    2134     4.1952    -0.1365
    2137     4.1786    -0.1210
    2140     4.1877    -0.1152
    2143     4.2083    -0.1083
    2146     4.2831    -0.1598
    2149     4.2177    -0.1124
    2152     4.1883    -0.0619
    2155     4.1588    -0.1565
    2158     4.1704    -0.1461
    2161     4.1691    -0.1113
    2164     4.1679    -0.1269
    2167     4.0858    -0.1382
    2170     4.2010    -0.1496
    2173     4.2287    -0.1304
    2176     4.1854    -0.1598
    2179     4.1865    -0.1410
    2182     4.1990    -0.1202
    2185     4.2115    -0.1339
    2188     4.2035    -0.1337
    2191     4.2445    -0.1149
    2194     4.2856    -0.0958
    2197     4.2843    -0.0951
    2200     4.1947    -0.1534
    2203     4.3104    -0.0878
    2206     4.2077    -0.1134
    2209     4.2347    -0.1322
    2212     4.2927    -0.1170
    2215     4.2838    -0.0885
    2218     4.2926    -0.0959
    2221     4.3002    -0.0994
    2224     4.3077    -0.1030
    2227     4.2089    -0.1096
    2230     4.2637    -0.1249
    2233     4.2642    -0.0684
    2236     4.2617    -0.0752
    2239     4.2217    -0.1096
    2242     4.2932    -0.1251
    2245     4.2388    -0.1246
    2248     4.2692    -0.1044
    2251     4.2379    -0.1161
    2254     4.2066    -0.1277
    2257     4.2302    -0.0826
    2260     4.2539    -0.0376
    2263     4.2776     0.0075
    2266     4.3013    -0.0076
    2269     4.2339    -0.1379
    2272     4.3747    -0.0845
    2275     4.3621    -0.1042
    2278     4.3286    -0.1930
    2281     4.3223    -0.2076
    2284     4.3161    -0.2222
    2287     4.2934    -0.2413
    2290     4.3539    -0.2669
    2293     4.3571    -0.2437
    2296     4.3603    -0.2539
    2299     4.3552    -0.2848
    2302     4.3413    -0.7000
    2305     4.3307    -0.7367
    2308     4.2698    -0.0329
    2311     4.3170    -0.0429
    2314     4.3643     0.2481
    2317     4.3728     0.2367
    2320     4.3574     0.2639
    2323     4.3835     0.1744
    2326     4.4095     0.2096
    2329     4.3566     0.2302
    2332     4.3259     0.1942
    2335     4.2953     0.2144
    2338     4.3577     0.1996
    2341     4.3563     0.2140
    2344     4.3548     0.2395
    2347     4.3748     0.2289
    2350     4.3864     0.1833
    2353     4.3849     0.2223
    2356     4.3835     0.2099
    2359     4.3637     0.1943
    2362     4.3460     0.2379
    2365     4.3283     0.1963
    2368     4.3504     0.2278
    2371     4.3472     0.2327
    2374     4.3440     0.2375
    2377     4.3584     0.2207
    2380     4.3120     0.2039
    2383     4.3167     0.2314
    2386     4.3215     0.1997
    2389     4.3881     0.2134
    2392     4.4413     0.1879
    2395     4.3579     0.2312
    2398     4.3749     0.2061
    2401     4.3666     0.2307
    2404     4.3582     0.1898
    2407     4.3722     0.2212
    2410     4.3171     0.1685
    2413     4.2906     0.1586
    2416     4.3682     0.1919
    2419     4.3640     0.1317
    2422     4.3533     0.1711
    2425     4.3426     0.1580
    2428     4.3672     0.1472
    2431     4.3962     0.1545
    2434     4.4251     0.1617
    2437     4.3276     0.0545
    2440     4.4311     0.1158
    2443     4.4172     0.1730
    2446     4.3518     0.1446
    2449     4.3490     0.1163
    2452     4.4226     0.1316
    2455     4.3760     0.0911
    2458     4.4177     0.1838
    2461     4.4077     0.1714
    2464     4.3977     0.1591
    2467     4.4179     0.1467
    2470     4.4231     0.0936
    2473     4.3591     0.0943
    2476     4.3583     0.1281
    2479     4.3897     0.1558
    2482     4.4344     0.1687
    2485     4.4790     0.1817
    2488     4.4465     0.1299
    2491     4.4175     0.1104
    2494     4.3885     0.0844
    2497     4.4744     0.1046
    2500     4.3621     0.1249
    2503     4.3514     0.0557
    2506     4.3407     0.1084
    2509     4.3331     0.0681
    2512     4.3800     0.0675
    2515     4.4270     0.0950
    2518     4.4506     0.0737
    2521     4.4254     0.0993
    2524     4.4002     0.0882
    2527     4.3723     0.0743
    2530     4.4100     0.0443
    2533     4.4183     0.1110
    2536     4.3563     0.0941
    2539     4.4207     0.1076
    2542     4.4295     0.1285
    2545     4.4383     0.0937
    2548     4.4585     0.0950
    2551     4.3305     0.1175
    2554     4.4330     0.0754
    2557     4.4323     0.1128
    2560     4.4841     0.0978
    2563     4.4929     0.1519
    2566     4.4872     0.1122
    2569     4.4187     0.1001
    2572     4.4846     0.1218
    2575     4.4729     0.1238
    2578     4.4599     0.1123
    2581     4.4379     0.1094
    2584     4.4160     0.1065
    2587     4.4635     0.1170
    2590     4.3827     0.0965
    2593     4.4574     0.1066
    2596     4.5284     0.1152
    2599     4.4967     0.1238
    2602     4.4510     0.0968
    2605     4.4755     0.0697
    2608     4.5065     0.0692
    2611     4.4774     0.0686
    2614     4.4638     0.0663
    2617     4.4155     0.0405
    2620     4.4556     0.0339
    2623     4.4956     0.0273
    2626     4.4954     0.1110
    2629     4.5007     0.0901
    2632     4.4572     0.0691
    2635     4.5078     0.0957
    2638     4.5208     0.0537
    2641     4.5272     0.0593
    2644     4.5335     0.0649
    2647     4.4986     0.0562
    2650     4.4863     0.0475
    2653     4.4677     0.0561
    2656     4.4936     0.0056
    2659     4.5112     0.0427
    2662     4.5408     0.0614
    2665     4.4435     0.0441
    2668     4.5242     0.0408
    2671     4.5370     0.0518
    2674     4.5499     0.0628
    2677     4.5276     0.0294
    2680     4.5943     0.0870
    2683     4.6113     0.0619
    2686     4.4523     0.0421
    2689     4.5457     0.0783
    2692     4.5531     0.0612
    2695     4.5483     0.0314
    2698     4.6066     0.0375
    2701     4.6312     0.0436
    2704     4.6557     0.0496
    2707     4.4934     0.0480
    2710     4.6137     0.0374
    2713     4.5907     0.0645
    2716     4.7037     0.0788
    2719     4.5885     0.0510
    2722     4.6775     0.1002
    2725     4.5766     0.0448
    2728     4.6404     0.0578
    2731     4.6629     0.0707
    2734     4.6853     0.0836
    2737     4.5796     0.0440
    2740     4.5517     0.0557
    2743     4.5517     0.0255
    2746     4.5801     0.0576
    2749     4.5932     0.0489
    2752     4.6058     0.0964
    2755     4.5646     0.0355
    2758     4.6242     0.0561
    2761     4.6443     0.0573
    2764     4.6643     0.0584
    2767     4.6568     0.0596
    2770     4.6493     0.0607
    2773     4.6418     0.0619
    2776     4.6344     0.0630
    2779     4.6269     0.0641
    2782     4.6421     0.0653
    2785     4.6056     0.0194
    2788     4.6449     0.0628
    2791     4.6462     0.0316
    2794     4.6474     0.0586
    2797     4.6764     0.0797
    2800     4.6839     0.1038
    2803     4.6348     0.0411
    2806     4.6585     0.0783
    2809     4.6347     0.0581
    2812     4.6923     0.0694
    2815     4.6380     0.0777
    2818     4.6539     0.0604
    2821     4.6438     0.0431
    2824     4.6337     0.0258
    2827     4.7047     0.0936
    2830     4.6759     0.0781
    2833     4.6144     0.0089
    2836     4.6136     0.0411
    2839     4.6014     0.0176
    2842     4.7090     0.0653
    2845     4.6314     0.0179
    2848     4.6363     0.0627
    2851     4.6448     0.0329
    2854     4.6533     0.0030
    2857     4.5758     0.0136
    2860     4.6605     0.0242
    2863     4.5932     0.0348
    2866     4.6204     0.0454
    2869     4.6447     0.0683
    2872     4.6723     0.0771
    2875     4.6686     0.0811
    2878     4.6058     0.0354
    2881     4.6228     0.1055
    2884     4.6236     0.0728
    2887     4.4888     0.0268
    2890     4.6482     0.0634
    2893     4.6458     0.1000
    2896     4.6390     0.0984
    2899     4.6208     0.0628
    2902     4.6575     0.0925
    2905     4.6156     0.0793
    2908     4.6464     0.0837
    2911     4.6668     0.0880
    2914     4.6872     0.1182
    2917     4.6393     0.1547
    2920     4.6207     0.1348
    2923     4.6026     0.1646
    2926     4.5028     0.1017
    2929     4.5654     0.1564
    2932     4.6364     0.0988
    2935     4.6524     0.1548
    2938     4.7039     0.1595
    2941     4.6550     0.1642
    2944     4.6062     0.1690
    2947     4.5993     0.2295
    2950     4.7355     0.1946
    2953     4.5909     0.1597
    2956     4.4979     0.1729
    2959     4.6591     0.1860
    2962     4.6311     0.2404
    2965     4.5536     0.1715
    2968     4.6327     0.2210
    2971     4.6118     0.1871
    2974     4.5909     0.2039
    2977     4.5566     0.1663
    2980     4.6484     0.2388
    2983     4.6496     0.2122
    2986     4.6362     0.2088
    2989     4.6055     0.2305
    2992     4.5853     0.1787
    2995     4.6149     0.1992
    2998     4.6053     0.2204
    3001     4.6243     0.2273
    3004     4.6433     0.2343
    3007     4.6087     0.1394
    3010     4.6579     0.2081
    3013     4.6396     0.1908
    3016     4.6564     0.1823
    3019     4.6403     0.1474
    3022     4.6361     0.2003
    3025     4.6410     0.1825
    3028     4.6666     0.2068
    3031     4.6759     0.1916
    3034     4.6851     0.1764
    3037     4.6078     0.1611
    3040     4.6601     0.1459
    3043     4.6524     0.1307
    3046     4.6567     0.1155
    3049     4.6610     0.1002
    3052     4.6430     0.1526
    3055     4.6517     0.3151
    3058     4.5907     0.3057
    3061     4.5993     0.2963
    3064     4.6079     0.2397
    3067     4.6165     0.1832
    3070     4.6251     0.1266
    3073     4.6337     0.0700
    3076     4.6369     0.0142
    3079     4.6186     0.0141
    3082     4.6601     0.0776
    3085     4.6687     0.0504
    3088     4.7052     0.1490
    3091     4.7021     0.0980
    3094     4.6989     0.0469
    3097     4.6666     0.0859
    3100     4.7417     0.0837
    3103     4.6658     0.0814
    3106     4.5900     0.1057
    3109     4.7505     0.0981
    3112     4.6859     0.1126
    3115     4.6837     0.1271
    3118     4.6496     0.0744
    3121     4.6525     0.1131
    3124     4.6554     0.1131
    3127     4.6583     0.1130
    3130     4.6612     0.1130
    3133     4.6641     0.1129
    3136     4.6670     0.1129
    3139     4.7459     0.1128
    3142     4.7179     0.0810
    3145     4.7499     0.1340
    3148     4.6840     0.1111
    3151     4.7152     0.1144
    3154     4.7463     0.1176
    3157     4.6896     0.1202
    3160     4.7555     0.1909
    3163     4.7209     0.1701
    3166     4.7618     0.1493
    3169     4.7324     0.1649
    3172     4.6874     0.1768
    3175     4.8250     0.1619
    3178     4.7655     0.1943
    3181     4.7698     0.1881
    3184     4.7741     0.1819
    3187     4.7974     0.1757
    3190     4.8486     0.2338
    3193     4.7703     0.1993
    3196     4.6920     0.2118
    3199     4.7099     0.2243
    3202     4.7769     0.1821
    3205     4.8517     0.1883
    3208     4.8373     0.1945
    3211     4.7641     0.2007
    3214     4.6908     0.2069
    3217     4.8096     0.2131
    3220     4.7904     0.2193
    3223     4.7461     0.2109
    3226     4.9383     0.2025
    3229     4.6911     0.1941
    3232     4.8394     0.2761
    3235     4.7734     0.2187
    3238     4.8047     0.2522
    3241     4.7883     0.2765
    3244     4.7720     0.2785
    3247     4.8005     0.2885
    3250     4.7722     0.2647
    3253     4.9232     0.3688
    3256     4.7837     0.2500
    3259     4.8136     0.3135
    3262     4.9262     0.3785
    3265     4.8149     0.3831
    3268     4.8331     0.3546
    3271     4.8178     0.3529
    3274     4.8025     0.3511
    3277     4.8243     0.3807
    3280     4.7855     0.3543
    3283     4.8369     0.3755
    3286     4.8317     0.3949
    3289     4.8101     0.3853
    3292     4.9028     0.3814
    3295     4.8416     0.4110
    3298     4.7805     0.4406
    3301     4.7942     0.4352
    3304     4.8079     0.4298
    3307     4.7110     0.4393
    3310     4.8853     0.4488
    3313     4.7930     0.4583
    3316     4.7981     0.4678
    3319     4.7930     0.4182
    3322     4.7448     0.4137
    3325     4.7325     0.4149
    3328     4.7261     0.4529
    3331     4.7504     0.4597
    3334     4.7748     0.4664
    3337     4.7382     0.4041
    3340     4.7992     0.4984
    3343     4.7734     0.4692
    3346     4.6860     0.4510
    3349     4.8441     0.4837
    3352     4.7762     0.4596
    3355     4.8249     0.4852
    3358     4.8040     0.4548
    3361     4.8122     0.4757
    3364     4.8205     0.4965
    3367     4.8124     0.4656
    3370     4.7594     0.4236
    3373     4.7594     0.4397
    3376     4.7936     0.4433
    3379     4.7553     0.4469
    3382     4.7864     0.4249
    3385     4.6811     0.4272
    3388     4.7713     0.4296
    3391     4.7863     0.4394
    3394     4.8014     0.4492
    3397     4.7794     0.4590
    3400     4.7294     0.3859
    3403     4.8076     0.4104
    3406     4.8383     0.4349
    3409     4.7333     0.4031
    3412     4.7821     0.4443
    3415     4.7931     0.4471
    3418     4.7887     0.4630
    3421     4.7704     0.4371
    3424     4.7521     0.4111
    3427     4.7208     0.4003
    3430     4.7385     0.4099
    3433     4.8295     0.4230
    3436     4.7967     0.4092
    3439     4.8508     0.4331
    3442     4.7892     0.4301
    3445     4.7542     0.3810
    3448     4.8695     0.4045
    3451     4.8744     0.4309
    3454     4.8793     0.4574
    3457     4.7885     0.4338
    3460     4.8362     0.4102
    3463     4.8203     0.3886
    3466     4.8767     0.4527
    3469     4.7913     0.3808
    3472     4.7860     0.3687
    3475     4.8930     0.4069
    3478     4.8949     0.3746
    3481     4.8885     0.3893
    3484     4.8820     0.4039
    3487     4.7752     0.3480
    3490     4.8575     0.4218
    3493     4.8522     0.4342
    3496     4.8808     0.3952
    3499     4.8520     0.4033
    3502     4.7549     0.3929
    3505     4.7968     0.3985
    3508     4.8471     0.4191
    3511     4.8386     0.4103
    3514     4.8301     0.4015
    3517     4.7974     0.3948
    3520     4.8697     0.4299
    3523     4.8465     0.4131
    3526     4.8702     0.4267
    3529     4.8398     0.4419
    3532     4.8940     0.4488
    3535     4.8430     0.4350
    3538     4.8855     0.4449
    3541     4.9021     0.4617
    3544     4.9187     0.4784
    3547     4.8893     0.4729
    3550     4.9067     0.4360
    3553     4.8388     0.4765
    3556     4.8993     0.4629
    3559     4.8979     0.4327
    3562     4.9075     0.4400
    3565     4.8744     0.4924
    3568     4.8561     0.4744
    3571     4.8829     0.4694
    3574     4.9097     0.4793
    3577     4.8895     0.4822
    3580     4.8901     0.4692
    3583     4.9846     0.4706
    3586     4.8822     0.4719
    3589     4.8416     0.4474
    3592     4.8617     0.4590
    3595     4.9044     0.5092
    3598     4.9300     0.4765
    3601     4.9060     0.4668
    3604     4.9469     0.4946
    3607     4.8717     0.4856
    3610     4.9466     0.4534
    3613     5.0258     0.5222
    3616     4.8669     0.4884
    3619     4.9069     0.4942
    3622     4.8991     0.4685
    3625     5.0021     0.5063
    3628     4.8738     0.4934
    3631     4.8851     0.5018
    3634     4.8964     0.4704
    3637     4.9004     0.4770
    3640     4.9360     0.5138
    3643     5.0044     0.5387
    3646     4.9525     0.5340
    3649     4.8954     0.4869
    3652     4.8876     0.4756
    3655     4.8413     0.4955
    3658     5.0395     0.5463
    3661     4.9949     0.5298
    3664     4.9503     0.5133
    3667     4.9001     0.4980
    3670     4.8955     0.5009
    3673     4.8984     0.4784
    3676     4.8656     0.4356
    3679     4.9550     0.5205
    3682     4.8969     0.4895
    3685     4.8881     0.4784
    3688     4.9022     0.4883
    3691     4.9094     0.4765
    3694     4.9167     0.4647
    3697     4.9864     0.5210
    3700     4.9593     0.5386
    3703     4.8963     0.4803
    3706     4.9206     0.4901
    3709     4.8924     0.4665
    3712     4.8833     0.4695
    3715     4.9397     0.5375
    3718     4.9170     0.4699
    3721     4.9487     0.4757
    3724     4.9805     0.4815
    3727     4.9119     0.4647
    3730     4.9334     0.4812
    3733     4.9454     0.4905
    3736     4.8916     0.4706
    3739     4.9113     0.5145
    3742     4.9717     0.4774
    3745     4.8911     0.4585
    3748     4.9792     0.5093
    3751     4.9547     0.5104
    3754     4.9302     0.5116
    3757     4.9306     0.4971
    3760     4.9360     0.4826
    3763     4.9646     0.5024
    3766     4.9569     0.4815
    3769     5.0018     0.5063
    3772     4.9442     0.4669
    3775     4.9580     0.4669
    3778     5.0097     0.5351
    3781     4.9937     0.5291
    3784     4.9776     0.5231
    3787     4.9323     0.5172
    3790     5.0111     0.5112
    3793     4.9394     0.4838
    3796     5.0309     0.4597
    3799     5.0037     0.4906
    3802     4.9775     0.4984
    3805     5.0821     0.5292
    3808     4.9753     0.4822
    3811     5.0070     0.5083
    3814     5.0386     0.4988
    3817     4.9983     0.4735
    3820     4.9940     0.5032
    3823     5.0375     0.5482
    3826     4.9990     0.4766
    3829     5.0280     0.4997
    3832     5.0188     0.5172
    3835     5.0241     0.5161
    3838     5.0637     0.5150
    3841     5.0712     0.5198
    3844     5.0786     0.5245
    3847     5.0394     0.5320
    3850     5.0240     0.5069
    3853     5.0417     0.5235
    3856     5.0748     0.5122
    3859     5.0044     0.5100
    3862     5.0177     0.5285
    3865     5.0619     0.4895
    3868     5.0451     0.4728
    3871     5.0249     0.4590
    3874     5.0047     0.5077
    3877     5.0631     0.5266
    3880     5.0358     0.5051
    3883     5.0455     0.5203
    3886     5.0799     0.5080
    3889     5.0898     0.5232
    3892     5.0564     0.4555
    3895     5.0421     0.4925
    3898     5.0675     0.5255
    3901     5.0584     0.5094
    3904     5.0493     0.4933
    3907     5.0767     0.5110
    3910     5.0414     0.4744
    3913     5.0975     0.5377
    3916     5.0201     0.4494
    3919     5.0346     0.4609
    3922     5.0333     0.4802
    3925     5.0532     0.4809
    3928     4.9934     0.4816
    3931     5.0267     0.4823
    3934     5.0599     0.4830
    3937     5.0572     0.4836
    3940     5.1211     0.4843
    3943     5.1149     0.4850
    3946     5.0577     0.4468
    3949     5.0969     0.4755
    3952     5.0676     0.4691
    3955     5.0239     0.4581
    3958     5.0853     0.4830
    3961     5.0171     0.4556
    3964     4.9489     0.4282
    3967     5.0238     0.4634
    3970     5.0431     0.4847
    3973     5.0388     0.4846
    3976     5.0814     0.4846
    3979     5.0583     0.4914
    3982     5.0643     0.4506
    3985     5.0600     0.4624
    3988     5.0639     0.4641
    3991     5.0469     0.4684
    3994     5.0300     0.4601
    3997     5.0839     0.4995
    4000     5.0550     0.5153
    4003     5.0466     0.4581
    4006     5.0056     0.5122
    4009     5.0684     0.4644
    4012     5.0722     0.5083
    4015     5.1192     0.5183
    4018     4.9347     0.5012
    4021     4.9786     0.4842
    4024     5.0226     0.4671
    4027     5.0565     0.4501
    4030     5.0576     0.4971
    4033     5.0688     0.4780
    4036     5.0515     0.4711
    4039     5.0755     0.4643
    4042     5.0595     0.4774
    4045     5.0182     0.4524
    4048     5.0674     0.4476
    4051     5.0342     0.4614
    4054     5.0654     0.4753
    4057     5.0483     0.4632
    4060     5.0940     0.5212
    4063     4.9810     0.4695
    4066     5.0321     0.5086
    4069     5.0627     0.5205
    4072     5.0371     0.5077
    4075     5.0460     0.4983
    4078     5.0549     0.4889
    4081     5.0572     0.4848
    4084     5.0595     0.4808
    4087     5.0710     0.4965
    4090     5.0137     0.4573
    4093     5.0367     0.5218
    4096     5.0448     0.5134
    4099     5.0294     0.5135
    4102     5.0042     0.5135
    4105     5.0824     0.5136
    4108     5.0270     0.5136
    4111     5.0516     0.5137
    4114     5.0762     0.5138
    4117     5.1235     0.5138
    4120     5.0220     0.4715
    4123     5.0735     0.4836
    4126     5.0283     0.4860
    4129     5.0601     0.4884
    4132     5.0277     0.4836
    4135     5.0873     0.4729
    4138     5.1274     0.5339
    4141     5.1271     0.4716
    4144     5.1268     0.5139
    4147     5.0957     0.5311
    4150     5.0933     0.5454
    4153     5.0708     0.4629
    4156     5.0859     0.4548
    4159     5.0985     0.5092
    4162     5.0916     0.5247
    4165     5.0671     0.4966
    4168     5.1288     0.4785
    4171     5.0968     0.5192
    4174     5.0648     0.5600
    4177     5.2438     0.5673
    4180     5.1464     0.5702
    4183     5.0753     0.5348
    4186     5.1283     0.5965
    4189     5.1024     0.5752
    4192     4.9816     0.5540
    4195     5.2241     0.5664
    4198     5.1618     0.5789
    4201     5.1103     0.5913
    4204     5.0588     0.6037
    4207     5.1697     0.6162
    4210     5.1527     0.5965
    4213     5.2226     0.6320
    4216     5.1671     0.6326
    4219     5.0883     0.5858
    4222     5.0838     0.5735
    4225     5.1419     0.5798
    4228     5.1308     0.5861
    4231     5.1609     0.5994
    4234     5.1909     0.6127
    4237     5.1852     0.6294
    4240     5.1914     0.6281
    4243     5.1245     0.5912
    4246     5.1578     0.6010
    4249     5.1614     0.6214
    4252     5.2061     0.5985
    4255     5.1924     0.5756
    4258     5.2177     0.5948
    4261     5.2031     0.5986
    4264     5.1884     0.6024
    4267     5.2299     0.6476
    4270     5.2016     0.6470
    4273     5.1180     0.6033
    4276     5.2342     0.6321
    4279     5.2561     0.6591
    4282     5.1467     0.6515
    4285     5.1309     0.6439
    4288     5.1348     0.6362
    4291     5.1376     0.6286
    4294     5.1723     0.6210
    4297     5.2189     0.6133
    4300     5.1657     0.6326
    4303     5.1641     0.5963
    4306     5.1737     0.6080
    4309     5.1758     0.6567
    4312     5.1479     0.6177
    4315     5.2130     0.6065
    4318     5.1569     0.6022
    4321     5.1866     0.6021
    4324     5.2164     0.6020
    4327     5.1789     0.6055
    4330     5.1463     0.5752
    4333     5.1111     0.6115
    4336     5.2124     0.6070
    4339     5.1745     0.5785
    4342     5.1061     0.5877
    4345     5.2050     0.5810
    4348     5.1555     0.6044
    4351     5.2000     0.6020
    4354     5.1909     0.5995
    4357     5.1539     0.6156
    4360     5.1761     0.6377
    4363     5.1958     0.6193
    4366     5.1527     0.5882
    4369     5.1303     0.5639
    4372     5.0743     0.5694
    4375     5.0669     0.5750
    4378     5.1365     0.6294
    4381     5.1559     0.5993
    4384     5.1752     0.5691
    4387     5.1735     0.5966
    4390     5.1605     0.5944
    4393     5.1459     0.5991
    4396     5.1703     0.5866
    4399     5.1375     0.5670
    4402     5.1943     0.6182
    4405     5.1114     0.5820
    4408     5.1693     0.6119
    4411     5.1767     0.5974
    4414     5.1842     0.6318
    4417     5.1819     0.6615
    4420     5.1377     0.5815
    4423     5.0996     0.5784
    4426     5.2577     0.6457
    4429     5.1756     0.6139
    4432     5.0881     0.5821
    4435     5.1276     0.5988
    4438     5.1238     0.6706
    4441     5.1216     0.6430
    4444     5.0838     0.6154
    4447     5.1375     0.6161
    4450     5.1771     0.6343
    4453     5.0740     0.6525
    4456     5.1479     0.6707
    4459     5.2218     0.6889
    4462     5.1554     0.6795
    4465     5.1588     0.6701
    4468     5.1158     0.6607
    4471     5.1376     0.6513
    4474     5.1594     0.6889
    4477     5.1978     0.6333
    4480     5.2436     0.6597
    4483     5.1863     0.6753
    4486     5.1412     0.6500
    4489     5.1367     0.6169
    4492     5.2019     0.7013
    4495     5.2012     0.6671
    4498     5.2474     0.7435
    4501     5.1788     0.6867
    4504     5.1101     0.6817
    4507     5.2191     0.6767
    4510     5.1786     0.6839
    4513     5.1990     0.6911
    4516     5.1534     0.6780
    4519     5.1637     0.6831
    4522     5.1324     0.7020
    4525     5.1348     0.6692
    4528     5.2016     0.6990
    4531     5.1560     0.7134
    4534     5.1104     0.7196
    4537     5.1811     0.7258
    4540     5.1619     0.7477
    4543     5.2549     0.7600
    4546     5.1987     0.7493
    4549     5.2274     0.7386
    4552     5.1708     0.7279
    4555     5.2155     0.7172
    4558     5.1748     0.7066
    4561     5.1806     0.6959
    4564     5.1864     0.7141
    4567     5.2889     0.7053
    4570     5.1255     0.7020
    4573     5.2191     0.6987
    4576     5.2005     0.6830
    4579     5.2748     0.7344
    4582     5.2292     0.7687
    4585     5.2273     0.7227
    4588     5.2948     0.7272
    4591     5.2695     0.7317
    4594     5.2442     0.7361
    4597     5.3562     0.7665
    4600     5.1509     0.7001
    4603     5.2364     0.7455
    4606     5.2116     0.7385
    4609     5.2195     0.7086
    4612     5.2565     0.7444
    4615     5.2541     0.7478
    4618     5.2093     0.6779
    4621     5.2121     0.7466
    4624     5.2148     0.6809
    4627     5.2110     0.7622
    4630     5.2521     0.7362
    4633     5.2774     0.7583
    4636     5.2502     0.7615
    4639     5.2998     0.7648
    4642     5.1449     0.7504
    4645     5.2101     0.7361
    4648     5.2335     0.7218
    4651     5.1683     0.7120
    4654     5.2600     0.7022
    4657     5.2069     0.6923
    4660     5.1877     0.6825
    4663     5.2514     0.7130
    4666     5.1913     0.6641
    4669     5.2411     0.6632
    4672     5.2452     0.6638
    4675     5.2569     0.6856
    4678     5.2453     0.6502
    4681     5.2950     0.6674
    4684     5.3447     0.6846
    4687     5.2113     0.6769
    4690     5.2328     0.6693
    4693     5.2310     0.6616
    4696     5.3034     0.6807
    4699     5.2187     0.6735
    4702     5.2363     0.6506
    4705     5.2319     0.6860
    4708     5.2760     0.6875
    4711     5.2858     0.6890
    4714     5.2956     0.6905
    4717     5.2288     0.6711
    4720     5.2865     0.6958
    4723     5.2358     0.6611
    4726     5.2860     0.6535
    4729     5.2457     0.6459
    4732     5.2627     0.6383
    4735     5.2654     0.6307
    4738     5.2414     0.6497
    4741     5.2438     0.6344
    4744     5.2463     0.6190
    4747     5.2850     0.6036
    4750     5.2735     0.6638
    4753     5.2596     0.6358
    4756     5.2274     0.6079
    4759     5.1534     0.6216
    4762     5.2543     0.6352
    4765     5.2971     0.6525
    4768     5.2854     0.6662
    4771     5.2597     0.6535
    4774     5.2339     0.6407
    4777     5.2013     0.6280
    4780     5.2324     0.6152
    4783     5.2473     0.6143
    4786     5.2569     0.6278
    4789     5.2800     0.6491
    4792     5.2667     0.6703
    4795     5.2088     0.6157
    4798     5.3101     0.6522
    4801     5.2817     0.6457
    4804     5.2534     0.6393
    4807     5.3109        NaN
    4810     5.2682        NaN
    4813     5.2625        NaN
    4816     5.2817        NaN
    4819     5.3196        NaN
    4822     5.3029        NaN
    4825     5.2792        NaN
    4828     5.3871        NaN
    4831     5.3157        NaN
    4834     5.2444     0.6696
    4837     5.2452     0.7063
    4840     5.3025     0.6928
    4843     5.2765     0.6951
    4846     5.2827     0.6617
    4849     5.3220     0.6960
    4852     5.3110     0.6866
    4855     5.3075     0.7002
    4858     5.3243     0.7186
    4861     5.3196     0.6764
    4864     5.3149     0.7055
    4867     5.3562     0.7169
    4870     5.3208     0.7106
    4873     5.3279     0.7044
    4876     5.2979     0.6756
    4879     5.3290     0.6885
    4882     5.3871     0.6880
    4885     5.3075     0.6698
    4888     5.3670     0.6822
    4891     5.3535     0.6779
    4894     5.3401     0.6706
    4897     5.3652     0.6904
    4900     5.3454     0.6537
    4903     5.4030     0.6500
    4906     5.3034     0.6462
    4909     5.3658     0.6425
    4912     5.3641     0.6388
    4915     5.3448     0.6668
    4918     5.4226     0.6872
    4921     5.3980     0.6860
    4924     5.3734     0.6849
    4927     5.3782     0.6289
    4930     5.3429     0.6508
    4933     5.3700     0.6475
    4936     5.3835     0.6765
    4939     5.4389     0.6709
    4942     5.3877     0.6560
    4945     5.3590     0.6440
    4948     5.4156     0.6413
    4951     5.4078     0.6385
    4954     5.4000     0.6358
    4957     5.3744     0.6330
    4960     5.4050     0.6737
    4963     5.3826     0.6040
    4966     5.3667     0.6325
    4969     5.3903     0.6553
    4972     5.4068     0.6432
    4975     5.4232     0.6312
    4978     5.3642     0.6170
    4981     5.3891     0.6412
    4984     5.4141     0.6654
    4987     5.4313     0.6588
    4990     5.3537     0.6523
    4993     5.3736     0.6457
    4996     5.3613     0.6392
    4999     5.3601     0.6326
    5002     5.4204     0.6261
    5005     5.3988     0.6195
    5008     5.4248     0.6718
    5011     5.4184     0.6717
    5014     5.4119     0.6716
    5017     5.4288     0.6829
    5020     5.4318     0.6941
    5023     5.5087     0.6809
    5026     5.4658     0.7015
    5029     5.4040     0.7221
    5032     5.4881     0.7427
    5035     5.3542     0.6565
    5038     5.3936     0.7125
    5041     5.4161     0.7188
    5044     5.4386     0.7251
    5047     5.4406     0.7503
    5050     5.4435     0.7373
    5053     5.3447     0.7243
    5056     5.4441     0.7216
    5059     5.4194     0.7386
    5062     5.4242     0.7382
    5065     5.4035     0.6918
    5068     5.4488     0.7587
    5071     5.4355     0.7631
    5074     5.4222     0.7328
    5077     5.4159     0.8095
    5080     5.4595     0.7903
    5083     5.4775     0.7544
    5086     5.4421     0.7722
    5089     5.3494     0.7900
    5092     5.4404     0.8078
    5095     5.4296     0.7831
    5098     5.4412     0.7894
    5101     5.4319     0.7958
    5104     5.4227     0.8021
    5107     5.4452     0.8042
    5110     5.3877     0.8129
    5113     5.3713     0.8028
    5116     5.3842     0.7960
    5119     5.3853     0.7917
    5122     5.4320     0.8065
    5125     5.4095     0.8009
    5128     5.4619     0.8535
    5131     5.4249     0.7935
    5134     5.3879     0.8031
    5137     5.3344     0.7453
    5140     5.4378     0.7920
    5143     5.4380     0.8081
    5146     5.4496     0.8262
    5149     5.4272     0.8300
    5152     5.4067     0.7846
    5155     5.4470     0.8218
    5158     5.4209     0.8065
    5161     5.4440     0.7912
    5164     5.4671     0.7760
    5167     5.4518     0.7930
    5170     5.4777     0.7895
    5173     5.4913     0.7859
    5176     5.4513     0.7824
    5179     5.5531     0.7788
    5182     5.4871     0.7753
    5185     5.4970     0.7986
    5188     5.4566     0.8097
    5191     5.4716     0.7912
    5194     5.4866     0.7726
    5197     5.4846     0.7651
    5200     5.4443     0.7350
    5203     5.4234     0.7197
    5206     5.5558     0.7767
    5209     5.4558     0.8020
    5212     5.5197     0.8273
    5215     5.4460     0.8232
    5218     5.5092     0.8190
    5221     5.5035     0.7703
    5224     5.4978     0.7751
    5227     5.5368     0.7929
    5230     5.5002     0.8058
    5233     5.5163     0.7776
    5236     5.4633     0.7495
    5239     5.4619     0.7637
    5242     5.5108     0.7779
    5245     5.5362     0.7921
    5248     5.5113     0.8331
    5251     5.5279     0.7823
    5254     5.5445     0.8040
    5257     5.5566     0.7850
    5260     5.5514     0.7754
    5263     5.4813     0.7528
    5266     5.5711     0.7752
    5269     5.5839     0.7732
    5272     5.5967     0.7846
    5275     5.6095     0.7711
    5278     5.5665     0.7777
    5281     5.5580     0.7618
    5284     5.5495     0.7459
    5287     5.6135     0.7788
    5290     5.6066     0.7669
    5293     5.4788     0.7288
    5296     5.5142     0.7584
    5299     5.4481     0.7599
    5302     5.4239     0.7332
    5305     5.5267     0.7629
    5308     5.5586     0.7890
    5311     5.5421     0.7831
    5314     5.5257     0.7772
    5317     5.5671     0.8143
    5320     5.5091     0.7997
    5323     5.5227     0.7852
    5326     5.4552     0.7576
    5329     5.5196     0.7598
    5332     5.5288     0.7764
    5335     5.4792     0.7598
    5338     5.5149     0.7921
    5341     5.5127     0.8065
    5344     5.5104     0.8209
    5347     5.5275     0.8166
    5350     5.4599     0.8059
    5353     5.5141     0.8093
    5356     5.4227     0.8126
    5359     5.5192     0.8160
    5362     5.6041     0.8316
    5365     5.5154     0.8472
    5368     5.4846     0.7962
    5371     5.4628     0.7979
    5374     5.4409     0.7995
    5377     5.4813     0.8012
    5380     5.5216     0.8029
    5383     5.4813     0.8120
    5386     5.4499     0.8212
    5389     5.5070     0.8303
    5392     5.4585     0.8427
    5395     5.5150     0.8552
    5398     5.5376     0.8676
    5401     5.5188     0.9172
    5404     5.5000     0.9087
    5407     5.5563     0.9003
    5410     5.5169     0.8933
    5413     5.4942     0.9411
    5416     5.5330     0.9506
    5419     5.4996     0.9221
    5422     5.5619     0.9470
    5425     5.5121     0.9486
    5428     5.5297     0.9503
    5431     5.5110     0.9519
    5434     5.4923     0.9303
    5437     5.4890     1.0006
    5440     5.5318     0.9553
    5443     5.5389     0.9790
    5446     5.5081     1.0026
    5449     5.4643     0.9675
    5452     5.5060     0.9887
    5455     5.5642     0.9620
    5458     5.6051     1.0090
    5461     5.5701     1.0229
    5464     5.5351     1.0369
    5467     5.5785     1.0239
    5470     5.5558     1.0378
    5473     5.5363     1.0212
    5476     5.5073     1.0047
    5479     5.5071     1.0157
    5482     5.5355     1.0267
    5485     5.5349     1.0306
    5488     5.5633     1.0295
    5491     5.5651     1.0388
    5494     5.5668     1.0482
    5497     5.5945     1.0575
    5500     5.4560     1.0268
    5503     5.5264     0.9961
    5506     5.5591     1.0170
    5509     5.5617     1.0379
    5512     5.5346     1.0467
    5515     5.5076     1.0556
    5518     5.4805     1.0645
    5521     5.5000     1.0733
    5524     5.5195     1.0822
    5527     5.4602     1.0911
    5530     5.5591     1.0999
    5533     5.5805     1.1065
    5536     5.5660     1.1219
    5539     5.5762     1.0837
    5542     5.5405     1.0756
    5545     5.5854     1.0621
    5548     5.5132     1.0486
    5551     5.5222     1.0351
    5554     5.5311     1.0216
    5557     5.5894     1.0081
    5560     5.5792     1.0810
    5563     5.5022     0.9543
    5566     5.6275     1.0093
    5569     5.5606     0.9461
    5572     5.5507     0.9625
    5575     5.6708     0.9879
    5578     5.6092     0.9714
    5581     5.6250     0.9745
    5584     5.6407     0.9775
    5587     5.6291     0.9580
    5590     5.6127     0.9385
    5593     5.5803     0.9190
    5596     5.5291     0.9936
    5599     5.5403     0.9026
    5602     5.5651     0.8115
    5605     5.5961     0.8173
    5608     5.5316     0.8232
    5611     5.5734     0.8212
    5614     5.6151     0.8191
    5617     5.6504     0.8171
    5620     5.5873     0.8150
    5623     5.5869     0.8130
    5626     5.6670     0.8388
    5629     5.7040     0.8227
    5632     5.6096     0.8168
    5635     5.6401     0.8109
    5638     5.6023     0.8104
    5641     5.6116     0.7733
    5644     5.6208     0.7988
    5647     5.6444     0.7782
    5650     5.6749     0.8236
    5653     5.6377     0.7682
    5656     5.6544     0.7701
    5659     5.6548     0.7754
    5662     5.6163     0.7432
    5665     5.6024     0.7503
    5668     5.6531     0.7893
    5671     5.6899     0.7928
    5674     5.7266     0.7781
    5677     5.7328     0.7334
    5680     5.6961     0.7969
    5683     5.6978     0.8002
    5686     5.7666     0.7793
    5689     5.6773        NaN
    5692     5.6485        NaN
    5695     5.7037        NaN
    5698     5.7103        NaN
    5701     5.7208        NaN
    5704     5.7313        NaN
    5707     5.6745        NaN
    5710     5.5143        NaN
    5713     5.6913        NaN
    5716     5.7031     0.8605
    5719     5.6481     0.7977
    5722     5.6608     0.8511
    5725     5.6841     0.9007
    5728     5.7110     0.8895
    5731     5.7201     0.8973
    5734     5.7291     0.9050
    5737     5.7870     0.8801
    5740     5.7525     0.8910
    5743     5.8097     0.9327
    5746     5.7702     0.9050
    5749     5.7043     0.8702
    5752     5.7385     0.9171
    5755     5.6369     0.8805
    5758     5.8001     0.9543
    5761     5.7489     0.9143
    5764     5.6977        NaN
    5767     5.6966        NaN
    5770     5.8067        NaN
    5773     5.7495        NaN
    5776     5.7033        NaN
    5779     5.7390        NaN
    5782     5.7045        NaN
    5785     5.6889        NaN
    5788     5.7686        NaN
    5791     5.7630        NaN
    5794     5.7573     0.9837
    5797     5.6956     0.9649
    5800     5.8148     1.0500
    5803     5.8480     1.0608
    5806     5.7572     1.0463
    5809     5.7773     1.0561
    5812     5.6712     1.0362
    5815     5.7020     1.0477
    5818     5.7549     1.0618
    5821     5.7311     1.0594
    5824     5.7072     1.0801
    5827     5.7251     1.0701
    5830     5.7584     1.0601
    5833     5.6970     1.0501
    5836     5.7198     1.0701
    5839     5.7717     1.1010
    5842     5.7518     1.0742
    5845     5.7381     1.0940
    5848     5.6983     1.1139
    5851     5.7288     1.1117
    5854     5.7593     1.1094
    5857     5.7925     1.1072
    5860     5.7808     1.1050
    5863     5.6747     1.1027
    5866     5.7349     1.1005
    5869     5.7363     1.0983
    5872     5.6585     1.1078
    5875     5.6601     1.1185
    5878     5.8235     1.1293
    5881     5.6825     1.1136
    5884     5.7478     1.1247
    5887     5.6436     1.1231
    5890     5.7507     1.1289
    5893     5.8093     1.1026
    5896     5.7900     1.1421
    5899     5.7538     1.0970
    5902     5.7254     1.0765
    5905     5.7507     1.1312
    5908     5.7666     1.1196
    5911     5.7159     1.1721
    5914     5.6651     1.1313
    5917     5.7038     1.0905
    5920     5.8001     1.0720
    5923     5.7390     1.0536
    5926     5.7676     1.0442
    5929     5.7131     1.0348
    5932     5.6692     1.0254
    5935     5.7003     1.0101
    5938     5.6918     0.9948
    5941     5.7261     1.0589
    5944     5.7603     1.1230
    5947     5.7485     1.0137
    5950     5.7026     1.0429
    5953     5.7409     1.0720
    5956     5.7706     1.0386
    5959     5.7627     1.0207
    5962     5.6794     1.0029
    5965     5.7907     1.0012
    5968     5.6170     0.9996
    5971     5.6760     0.9980
    5974     5.7350     0.9964
    5977     5.7940     0.9988
    5980     5.7947     0.9956
    5983     5.7828     0.9697
    5986     5.7620     0.9751
    5989     5.8492     0.9643
    5992     5.8304     0.9564
    5995     5.7791     0.8930
    5998     5.7817     0.9024
    6001     5.7843     0.9119
    6004     5.7870     0.9213
    6007     5.7896     0.9308
    6010     5.7922     0.9402
    6013     5.7971     0.9291
    6016     5.8103     0.9295
    6019     5.7739     0.9205
    6022     5.7887     0.9116
    6025     5.8650     0.9173
    6028     5.8328     0.9020
    6031     5.8172     0.9185
    6034     5.8015     0.9350
    6037     5.8167     0.8958
    6040     5.8521     0.9213
    6043     5.8555     0.9467
    6046     5.8315     0.9188
    6049     5.7603     0.8909
    6052     5.7943     0.8817
    6055     5.7664     0.8867
    6058     5.7312     0.9250
    6061     5.7423     0.9056
    6064     5.7534     0.8862
    6067     5.8820     0.9410
    6070     5.8088     0.9957
    6073     5.6778     0.9700
    6076     5.8371     0.9443
    6079     5.8332     0.9525
    6082     5.8452     0.9606
    6085     5.8612     0.9670
    6088     5.8300     0.9813
    6091     5.8304     0.9437
    6094     5.8308     0.9596
    6097     5.7935     0.9316
    6100     5.8667     0.9814
    6103     5.8382     0.9818
    6106     5.8799     0.9928
    6109     5.8027     0.9827
    6112     5.8521     0.9727
    6115     5.8399     0.9341
    6118     5.7761     0.9173
    6121     5.8248     0.8961
    6124     5.8735     0.9887
    6127     5.8171     0.9404
    6130     5.8259     0.9621
    6133     5.7747     0.9837
    6136     5.8868     1.0054
    6139     5.8098     0.9701
    6142     5.8422     0.9616
    6145     5.8211     0.9531
    6148     5.7977     0.9795
    6151     5.8638     0.9916
    6154     5.7987     1.0038
    6157     5.8694     1.0095
    6160     5.8063     1.0153
    6163     5.7996     1.0210
    6166     5.8050     1.0268
    6169     5.7807     0.9963
    6172     5.7373     1.0113
    6175     5.7874     1.0140
    6178     5.8746     1.0281
    6181     5.8077     1.0423
    6184     5.8466     1.0565
    6187     5.8437     1.0470
    6190     5.7880     1.0277
    6193     5.8301     1.0385
    6196     5.7324     1.0494
    6199     5.8972     1.0602
    6202     5.8107     1.0046
    6205     5.9005     1.1072
    6208     5.8491     1.1042
    6211     5.8650     1.1011
    6214     5.8809     1.0981
    6217     5.8930     1.0270
    6220     5.8563     1.0790
    6223     5.8332     1.0884
    6226     5.7728     1.0977
    6229     5.8441     1.0467
    6232     5.8226     1.0642
    6235     5.9015     1.0816
    6238     5.8971     1.0842
    6241     5.8564     1.0868
    6244     5.8444     1.0894
    6247     5.7740     1.0920
    6250     5.7938     1.0946
    6253     5.9177     1.0972
    6256     5.9049     1.1449
    6259     5.8797     1.0803
    6262     5.8856     1.0732
    6265     5.8740     1.1266
    6268     5.8942     1.1291
    6271     5.9039     1.1347
    6274     5.9136     1.1402
    6277     5.8268     1.1355
    6280     5.9049     1.1307
    6283     5.7781     1.1132
    6286     5.8668     1.0957
    6289     5.8707     1.0944
    6292     5.9793     1.1520
    6295     5.8865     1.1322
    6298     5.8136     1.1347
    6301     5.8649     1.1371
    6304     5.9161     1.1396
    6307     5.9753     1.1420
    6310     5.8850     1.0430
    6313     5.9133     1.0508
    6316     6.0084     1.1246
    6319     5.9802     1.0964
    6322     5.9925     1.1179
    6325     6.0104     1.1423
    6328     5.8536     1.1273
    6331     5.9158     1.1123
    6334     5.9780     1.0973
    6337     5.9012     1.0863
    6340     5.9607     1.0056
    6343     6.0000     1.0749
    6346     5.9254     1.0115
    6349     5.9652     1.0675
    6352     5.9461     1.0610
    6355     5.9981     1.0588
    6358     5.9871     1.0557
    6361     5.9967     1.0617
    6364     6.0063     1.0676
    6367     6.0763     1.0445
    6370     6.0257     1.0388
    6373     6.0482     0.9891
    6376     6.0533     1.0596
    6379     5.9968     0.9905
    6382     5.9474     0.9637
    6385     5.9718     1.0196
    6388     6.0146     1.0248
    6391     6.0197     1.0210
    6394     6.0248     1.0171
    6397     6.0978     1.0133
    6400     6.0110     0.9662
    6403     6.0255     0.9758
    6406     6.0045     0.9855
    6409     6.0190     0.9877
    6412     6.0067     0.9899
    6415     6.0447     0.9883
    6418     6.0413     0.9866
    6421     6.0515     0.9849
    6424     6.0616     0.9832
    6427     6.0560     0.9623
    6430     6.0252     0.9414
    6433     6.0834     0.9420
    6436     6.0558     0.9427
    6439     6.0621     0.9671
    6442     6.0602     0.9684
    6445     6.0439     0.9706
    6448     6.0558     0.9728
    6451     6.0348     0.9634
    6454     6.0137     0.9539
    6457     6.1373     1.0089
    6460     5.9995     0.9662
    6463     5.9762     0.9782
    6466     6.1519     1.0281
    6469     6.0047     0.9933
    6472     6.0025     0.9734
    6475     6.0059     0.9958
    6478     6.0080     0.9713
    6481     6.0346     1.0053
    6484     6.0612     1.0392
    6487     6.0705     1.0591
    6490     6.0526     1.0087
    6493     5.9978     0.9974
    6496     6.0046     1.0351
    6499     6.0775     1.0445
    6502     6.1308     1.0539
    6505     6.0787     1.0633
    6508     5.9812     1.0694
    6511     6.0234     1.0755
    6514     6.0656     1.0816
    6517     5.9902     1.0575
    6520     6.0461     1.0640
    6523     6.0490     1.0595
    6526     5.9948     1.0550
    6529     6.0828     1.0747
    6532     6.0274     1.1242
    6535     5.9964     1.0716
    6538     5.9797     1.0647
    6541     5.9949     1.0776
    6544     6.0101     1.0905
    6547     5.9624     1.1021
    6550     5.9065     1.1136
    6553     5.9860     1.1252
    6556     6.0319     1.1368
    6559     6.0455     1.1556
    6562     6.0174     1.0721
    6565     6.0135     1.1679
    6568     6.0954     1.1487
    6571     6.0359     1.1012
    6574     5.9764     1.0962
    6577     6.0255     1.0849
    6580     6.0451     1.1117
    6583     6.0021     1.1300
    6586     6.0149     1.1384
    6589     5.9786     1.1467
    6592     5.9867     1.1201
    6595     5.9997     1.1160
    6598     6.0252     1.1119
    6601     5.9442     1.1078
    6604     5.8631     1.1037
    6607     5.9910     1.0996
    6610     6.0211     1.0910
    6613     5.9192     1.1252
    6616     6.0231     1.1595
    6619     5.9871     1.0875
    6622     5.9020     1.0895
    6625     5.9611     1.0914
    6628     5.9749     1.0823
    6631     5.9545     1.0552
    6634     5.9341     1.0281
    6637     5.9662     0.9764
    6640     5.9822     1.1077
    6643     5.9662     1.0794
    6646     5.9390     1.0213
    6649     5.9936     1.0583
    6652     6.0031     1.0839
    6655     6.0179     1.0544
    6658     5.9637     1.0717
    6661     5.9692     1.0682
    6664     5.9746     1.0646
    6667     5.9088     1.0457
    6670     5.9296     1.0268
    6673     6.0197     1.0418
    6676     6.0368     1.0727
    6679     6.0295     1.0666
    6682     6.0598     1.0774
    6685     6.0085     1.0504
    6688     6.0593     1.0403
    6691     6.0385     1.0302
    6694     6.0177     1.0201
    6697     6.0434     0.9936
    6700     6.0384     1.0531
    6703     6.0765     1.0477
    6706     6.0438     1.0280
    6709     6.0663     1.0241
    6712     6.0920     1.0325
    6715     6.0554     1.0639
    6718     6.0728     1.0250
    6721     6.0554     1.0173
    6724     6.0380     1.0096
    6727     6.0637     1.0288
    6730     6.0865     1.0215
    6733     6.0638     1.0165
    6736     6.0316     1.0018
    6739     6.0219     0.9954
    6742     6.0435     1.0213
    6745     6.0305     1.0095
    6748     6.0437     0.9560
    6751     6.0326     0.9762
    6754     6.0215     0.9965
    6757     5.9180     1.0139
    6760     6.0519     1.0116
    6763     6.0364     0.9399
    6766     6.0640     1.0175
    6769     6.0248     0.9513
    6772     6.0255     0.9711
    6775     6.0954     0.9909
    6778     6.0847     1.0322
    6781     6.0739     1.0341
    6784     6.0631     1.0359
    6787     6.0523     1.0159
    6790     6.0416     1.0005
    6793     6.0803     1.0164
    6796     6.1426     1.0320
    6799     6.0725     1.0024
    6802     6.1296     1.0395
    6805     6.1237     0.9654
    6808     6.0496     0.9966
    6811     6.0799     0.9955
    6814     6.1101     0.9944
    6817     6.0482     1.0163
    6820     6.1097     1.0381
    6823     6.0978     1.0206
    6826     6.1235     1.0122
    6829     6.1194     1.0466
    6832     6.1028     1.0112
    6835     5.9996     0.9930
    6838     6.1806     1.0749
    6841     6.1222     1.0713
    6844     6.0638     1.0677
    6847     6.1507     1.0923
    6850     6.0857     1.0660
    6853     6.0321     1.0807
    6856     6.0418     1.0423
    6859     6.1053     1.0950
    6862     6.0477     1.0611
    6865     6.0956     1.1185
    6868     6.0426     1.1182
    6871     6.0768     1.0884
    6874     6.1109     1.1656
    6877     6.0229     1.1491
    6880     6.0938     1.1560
    6883     6.0657     1.1197
    6886     6.0634     1.1254
    6889     6.1150     1.1492
    6892     6.0699     1.1396
    6895     6.0427     1.1629
    6898     6.0345     1.1493
    6901     6.0667     1.1808
    6904     6.0988     1.2124
    6907     6.0649     1.1808
    6910     6.1194     1.1994
    6913     6.0026     1.2054
    6916     6.0256     1.2115
    6919     6.1042     1.2175
    6922     6.0189     1.1763
    6925     6.0668     1.2417
    6928     6.0994     1.3070
    6931     6.0841     1.2440
    6934     6.0912     1.2370
    6937     5.9698     1.2300
    6940     6.0184     1.2230
    6943     5.9496     1.2421
    6946     6.1391     1.2498
    6949     5.9715     1.2576
    6952     5.9907     1.2654
    6955     6.0496     1.2731
    6958     6.0711     1.2809
    6961     6.0555     1.2585
    6964     6.0299     1.2360
    6967     6.0780     1.2338
    6970     5.9930     1.2316
    6973     6.0805     1.2431
    6976     6.0376     1.2546
    6979     6.3373     1.2804
    6982     6.0625     1.2737
    6985     6.0535     1.2818
    6988     6.0661     1.2339
    6991     5.9861     1.2202
    6994     6.0219     1.2804
    6997     6.0658     1.2761
    7000     6.0712     1.2189
    7003     5.9745     1.2483
    7006     6.0889     1.2778
    7009     6.0165     1.2419
    7012     6.0680     1.2243
    7015     6.0600     1.2273
    7018     6.0528     1.2303
    7021     6.0801     1.2334
    7024     6.1074     1.2364
    7027     6.0613     1.1846
    7030     6.0320     1.2142
    7033     6.0716     1.1897
    7036     6.0449     1.1652
    7039     6.0263     1.1835
    7042     6.1043     1.2018
    7045     6.1339     1.2200
    7048     6.1087     1.1627
    7051     6.1148     1.1478
    7054     6.1208     1.1330
    7057     6.0884     1.1615
    7060     6.1324     1.1635
    7063     6.1155     1.1557
    7066     6.1355     1.1479
    7069     6.1128     1.1610
    7072     6.0906     1.1360
    7075     6.1131     1.1110
    7078     6.1194     1.0861
    7081     6.1272     1.0752
    7084     6.1349     1.0642
    7087     6.1352     1.1090
    7090     6.1416     1.1502
    7093     6.1233     1.0423
    7096     6.1645     1.1019
    7099     6.0880     1.1093
    7102     6.1643     1.0592
    7105     6.0938     1.0541
    7108     6.1346     1.1224
    7111     6.1753     1.1908
    7114     6.2160     1.2591
    7117     6.1887     1.2685
    7120     6.1516     1.2545
    7123     6.1907     1.2495
    7126     6.1667     1.2311
    7129     6.1347     1.2127
    7132     6.1513     1.2006
    7135     6.1907     1.1844
    7138     6.1487     1.1682
    7141     6.1692     1.2311
    7144     6.1896     1.2296
    7147     6.1387     1.1693
    7150     6.2040     1.1951
    7153     6.2046     1.1863
    7156     6.1631     1.1536
    7159     6.0975     1.1473
    7162     6.1681     1.1409
    7165     6.0602     1.1372
    7168     6.0950     1.1335
    7171     6.1442     1.1298
    7174     6.1934     1.1261
    7177     6.2147     1.1225
    7180     6.1906     1.0966
    7183     6.2645     1.1961
    7186     6.2107     1.1487
    7189     6.2682     1.2060
    7192     6.1720     1.1001
    7195     6.1430     1.1016
    7198     6.1382     1.1031
    7201     6.1004     1.1312
    7204     6.0627     1.1594
    7207     6.2598     1.1875
    7210     6.1507     1.1491
    7213     6.2295     1.1108
    7216     6.1857     1.1426
    7219     6.1551     1.1387
    7222     6.1871     1.1347
    7225     6.1612     1.1308
    7228     6.1712     1.0915
    7231     6.1620     1.0782
    7234     6.1528     1.0649
    7237     6.0831     1.0434
    7240     6.1467     1.1075
    7243     6.1685     1.1133
    7246     6.1697     1.1263
    7249     6.1612     1.1071
    7252     6.1803     1.1237
    7255     6.1766     1.0994
    7258     6.1898     1.1336
    7261     6.1793     1.1373
    7264     6.1689     1.1410
    7267     6.1226     1.1448
    7270     6.1295     1.1485
    7273     6.1529     1.1514
    7276     6.1418     1.1944
    7279     6.1350     1.2002
    7282     6.1068     1.1471
    7285     6.1771     1.2222
    7288     6.1200     1.1665
    7291     6.1379     1.1805
    7294     6.1557     1.1945
    7297     6.0980     1.2040
    7300     6.0813     1.2022
    7303     6.0066     1.2097
    7306     6.0333     1.2172
    7309     6.0828     1.2247
    7312     6.0761     1.2321
    7315     6.0413     1.2396
    7318     6.0837     1.2471
    7321     6.0694     1.2546
    7324     6.0354     1.2380
    7327     6.1597     1.2824
    7330     6.0688     1.2436
    7333     6.1060     1.2977
    7336     6.0838     1.2532
    7339     6.1250     1.2929
    7342     6.1005     1.2743
    7345     5.9844     1.2557
    7348     5.9566     1.2371
    7351     6.0354     1.2520
    7354     6.1141     1.2669
    7357     6.0493     1.2575
    7360     6.1537     1.2364
    7363     6.0807     1.2152
    7366     6.1228     1.2361
    7369     6.1204     1.2815
    7372     6.1172     1.2509
    7375     6.1023     1.2509
    7378     6.0830     1.2510
    7381     6.1082     1.2510
    7384     6.1333     1.2510
    7387     6.1935     1.2381
    7390     6.1395     1.2501
    7393     6.0511     1.2396
    7396     6.1076     1.2291
    7399     6.1324     1.2182
    7402     6.1111     1.2347
    7405     6.1006     1.2535
    7408     6.1774     1.2582
    7411     6.1854     1.2430
    7414     6.1934     1.2758
    7417     6.1856     1.2353
    7420     6.0890     1.1880
    7423     6.1508     1.2030
    7426     6.0894     1.2339
    7429     6.1344     1.2301
    7432     6.1458     1.2429
    7435     6.1521     1.2526
    7438     6.1622     1.2451
    7441     6.1684     1.2540
    7444     6.1746     1.2629
    7447     6.1593     1.2253
    7450     6.1998     1.2799
    7453     6.1723     1.2241
    7456     6.1989     1.2704
    7459     6.1263     1.2345
    7462     6.1163     1.2718
    7465     6.1062     1.2381
    7468     6.1210     1.2474
    7471     6.1307     1.1915
    7474     6.1403     1.2360
    7477     6.1643     1.2799
    7480     6.1221     1.2479
    7483     6.0665     1.2356
    7486     6.1337     1.2447
    7489     6.1328     1.2449
    7492     6.1320     1.2451
    7495     6.1311     1.2453
    7498     6.1302     1.2455
    7501     6.1293     1.2458
    7504     6.1284     1.2460
    7507     6.1276     1.2462
    7510     6.1267     1.2464
    7513     6.1258     1.2466
    7516     6.1249     1.2468
    7519     6.1240     1.2471
    7522     6.1232     1.2473
    7525     6.1223     1.2475
    7528     6.1214     1.2477
    7531     6.1205     1.2479
    7534     6.1196     1.2481
    7537     6.1188     1.2484
    7540     6.1179     1.2486
