;Corrections to calculate VIRGO TSI from PMO6V or DIARAD level-1 data
;   values after Mission Day 7994 are extrapolated until 8020 (15:11:2017)
;   Mission Day 31.0 corresponds to 1 January 1996, 00 UTC
;   file written: Sat Sep 30 09:30:10 2017
;Algorism: VIRGO_TSI=(Rad_level_1+CorRad)*ratio_vir2Rad with Rad=PMO6V or DIARAD
;    CorRad is from table below and should be interpolated to MDay of Rad_level_1
;    if only PMO6V or DIARAD level2 are needed, no multiplication by ratio_vir2rad is needed
1.00036420 ;ratio_vir2PMO6V (f10.8)
0.99963534 ;ratio_vir2DIARAD (f10.8)
;Colums:  MissionDay, Cor_PMO6V and Cor_DIARAD formated as (i8,2f11.4)
      58    -0.4292     1.8859
      61    -0.5139     1.0059
      64    -0.5173     0.3984
      67    -0.5620     0.0634
      70    -0.5678    -0.0010
      73    -0.5204    -0.0326
      76    -0.4729    -0.0537
      79    -0.4255    -0.0348
      82    -0.3780    -0.0383
      85    -0.3306    -0.0220
      88    -0.3426    -0.0427
      91    -0.2881    -0.0297
      94    -0.2427    -0.0166
      97    -0.2769    -0.0277
     100    -0.3111    -0.0387
     103    -0.3453    -0.0497
     106    -0.3194    -0.0360
     109    -0.2936    -0.0222
     112    -0.2475    -0.0176
     115    -0.3956    -0.0351
     118    -0.2740    -0.0701
     121    -0.1525    -0.0457
     124    -0.1759    -0.0825
     127    -0.1994    -0.0344
     130    -0.2228    -0.0719
     133    -0.2183    -0.0505
     136    -0.2362    -0.0241
     139    -0.2541    -0.0491
     142    -0.2265    -0.0534
     145    -0.1990    -0.0393
     148    -0.1369    -0.0566
     151    -0.1581    -0.0435
     154    -0.1553    -0.0530
     157    -0.2186    -0.0783
     160    -0.1157    -0.0802
     163    -0.2093    -0.0428
     166    -0.1906    -0.0586
     169    -0.1719    -0.0743
     172    -0.0378    -0.0349
     175    -0.3255    -0.0356
     178    -0.0476    -0.0336
     181     0.0180    -0.0270
     184    -0.0417    -0.0683
     187    -0.0350    -0.0337
     190    -0.0283    -0.0746
     193     0.0071    -0.0518
     196     0.0340    -0.0504
     199     0.0392    -0.1030
     202     0.0557    -0.0663
     205     0.1242    -0.0106
     208     0.1133    -0.0470
     211     0.1491    -0.0245
     214     0.1277    -0.0727
     217     0.1990    -0.0512
     220     0.1446    -0.0676
     223     0.1536    -0.0341
     226     0.2207    -0.0111
     229     0.2238    -0.0386
     232     0.2459    -0.0208
     235     0.2236    -0.0393
     238     0.2023    -0.0387
     241     0.2705    -0.0417
     244     0.2746    -0.0239
     247     0.2922    -0.0466
     250     0.3098    -0.0383
     253     0.3044    -0.0269
     256     0.3604    -0.0155
     259     0.3312    -0.0066
     262     0.3267    -0.0066
     265     0.3972    -0.0009
     268     0.3819     0.0014
     271     0.4314     0.0244
     274     0.3990    -0.0163
     277     0.3492    -0.0395
     280     0.3806    -0.0222
     283     0.4119     0.0403
     286     0.4432     0.1029
     289     0.4746     0.1654
     292     0.4848     0.2279
     295     0.5135     0.1611
     298     0.5173     0.0710
     301     0.5297    -0.0275
     304     0.5117    -0.1091
     307     0.5365    -0.1578
     310     0.5316    -0.2066
     313     0.5583    -0.2889
     316     0.5452    -0.3828
     319     0.5321    -0.3882
     322     0.6294    -0.3745
     325     0.6299     0.3540
     328     0.5480     0.3072
     331     0.5500     0.2095
     334     0.6038     0.2043
     337     0.6226     0.1714
     340     0.6510     0.1854
     343     0.6961     0.1362
     346     0.7077     0.1243
     349     0.7194     0.1394
     352     0.6591     0.0754
     355     0.6987     0.0608
     358     0.6408     0.0788
     361     0.7457     0.0396
     364     0.7858     0.0359
     367     0.7712     0.0253
     370     0.7566     0.0013
     373     0.7136    -0.0827
     376     0.7806    -0.0335
     379     0.7382    -0.0764
     382     0.7649    -0.0230
     385     0.7156    -0.1032
     388     0.7560    -0.0789
     391     0.7471    -0.1148
     394     0.7471    -0.1220
     397     0.8288    -0.0864
     400     0.7766    -0.1356
     403     0.8233    -0.0860
     406     0.8594    -0.1168
     409     0.8660    -0.1025
     412     0.8703    -0.1421
     415     0.8440    -0.1364
     418     0.8236    -0.0911
     421     0.7760    -0.1262
     424     0.8426    -0.1226
     427     0.8778    -0.0886
     430     0.9130    -0.0546
     433     0.8696    -0.1018
     436     0.8479    -0.1203
     439     0.9162    -0.1291
     442     0.7978    -0.1066
     445     0.8496    -0.1241
     448     0.9014    -0.1454
     451     0.9009    -0.1223
     454     0.9150    -0.1619
     457     1.0205    -0.1347
     460     0.9248    -0.1795
     463     0.9219    -0.1547
     466     0.8813    -0.1906
     469     0.9283    -0.1725
     472     0.9327    -0.1557
     475     0.9371    -0.1598
     478     0.9415    -0.1870
     481     0.9544    -0.1493
     484     0.9674    -0.2338
     487     0.9855    -0.1957
     490     1.0037    -0.1575
     493     0.9838    -0.2300
     496     1.0029    -0.1787
     499     0.9877    -0.2063
     502     1.0059    -0.2493
     505     1.0242    -0.2221
     508     1.0432    -0.2052
     511     1.0249    -0.2333
     514     1.0066    -0.2145
     517     1.0059    -0.2499
     520     1.0052    -0.2203
     523     1.0045    -0.2203
     526     1.0431    -0.2203
     529     1.0818    -0.2203
     532     1.0727    -0.2732
     535     1.0636    -0.2541
     538     1.0545    -0.2349
     541     1.1129    -0.2572
     544     1.0906    -0.2420
     547     1.0942    -0.2392
     550     1.0979    -0.2365
     553     1.0796    -0.2679
     556     1.0839    -0.2561
     559     1.1144    -0.2435
     562     1.1176    -0.2498
     565     1.1208    -0.2561
     568     1.0991    -0.2665
     571     1.1548    -0.2755
     574     1.1127    -0.2554
     577     1.1186    -0.2497
     580     1.1245    -0.2723
     583     1.1304    -0.2755
     586     1.1260    -0.2341
     589     1.1488    -0.2777
     592     1.1395    -0.2749
     595     1.1608    -0.2767
     598     1.1822    -0.2639
     601     1.0383    -0.2893
     604     1.1927    -0.2814
     607     1.1863    -0.2610
     610     1.1799    -0.2405
     613     1.1522    -0.2451
     616     1.1305    -0.2635
     619     1.1762    -0.2522
     622     1.2129    -0.2839
     625     1.1350    -0.3003
     628     1.2380    -0.2497
     631     1.2752    -0.1558
     634     1.1720    -0.2837
     637     1.1676    -0.2533
     640     1.1632    -0.2728
     643     1.2544    -0.2747
     646     1.2650    -0.2762
     649     1.2343    -0.2679
     652     1.2504    -0.2988
     655     1.2665    -0.2903
     658     1.2825    -0.2426
     661     1.2261    -0.2243
     664     1.0831    -0.2979
     667     1.1344    -0.2818
     670     1.1857    -0.2658
     673     1.2369    -0.2522
     676     1.2928    -0.2397
     679     1.2562    -0.2535
     682     1.2355    -0.2468
     685     1.2637    -0.2238
     688     1.2918    -0.2712
     691     1.2734    -0.1978
     694     1.3572    -0.2322
     697     1.2561    -0.2604
     700     1.2755    -0.2800
     703     1.2948    -0.2098
     706     1.3139    -0.1841
     709     1.3330    -0.2109
     712     1.4010    -0.2299
     715     1.4419    -0.1693
     718     1.3823    -0.2169
     721     1.4011    -0.1826
     724     1.4198    -0.1891
     727     1.4178    -0.1749
     730     1.4158    -0.2004
     733     1.4138    -0.2556
     736     1.4336    -0.2030
     739     1.5265    -0.2110
     742     1.5328    -0.1961
     745     1.4604    -0.2344
     748     1.5103    -0.1873
     751     1.4899    -0.1947
     754     1.5399    -0.2227
     757     1.5230    -0.2097
     760     1.5390    -0.1534
     763     1.5166    -0.1915
     766     1.4996    -0.1863
     769     1.5869    -0.2251
     772     1.5914    -0.2030
     775     1.6577    -0.1944
     778     1.7028    -0.1588
     781     1.6406    -0.1789
     784     1.6582    -0.1780
     787     1.6814    -0.1735
     790     1.7047    -0.1689
     793     1.6790    -0.1895
     796     1.7074    -0.2156
     799     1.7161    -0.1991
     802     1.7626    -0.1810
     805     1.7661    -0.1724
     808     1.7068    -0.2312
     811     1.7448    -0.2218
     814     1.7828    -0.2125
     817     1.7956    -0.1878
     820     1.8084    -0.2442
     823     1.8069    -0.2402
     826     1.8054    -0.2362
     829     1.8038    -0.2321
     832     1.8213    -0.2074
     835     1.8263    -0.1870
     838     1.8515    -0.2255
     841     1.8454    -0.2288
     844     1.8392    -0.2321
     847     1.8331    -0.2379
     850     1.8270    -0.2436
     853     1.8940    -0.2623
     856     1.9408    -0.2235
     859     1.9122    -0.2708
     862     1.9488    -0.2310
     865     1.9854    -0.1988
     868     2.0304    -0.2286
     871     1.9709    -0.2498
     874     1.9115    -0.2711
     877     1.9333    -0.2548
     880     2.0559    -0.2239
     883     2.0298    -0.2418
     886     2.0037    -0.2381
     889     2.0469    -0.2804
     892     2.0293    -0.2593
     895     2.0116    -0.2679
     898     2.0550    -0.2843
     901     2.0448    -0.2458
     904     2.0346    -0.3005
     907     2.1557    -0.2263
     910     2.2061    -0.2349
     913     2.1000    -0.2852
     916     2.1255    -0.2974
     919     2.2277    -0.2805
     922     2.1727    -0.2582
     925     2.1177    -0.3206
     928     2.0565    -0.3168
     931     2.1381    -0.3036
     934     2.2198    -0.2465
     937        NaN        NaN
     940        NaN        NaN
     943        NaN        NaN
     946        NaN        NaN
     949        NaN        NaN
     952        NaN        NaN
     955        NaN        NaN
     958        NaN        NaN
     961        NaN        NaN
     964        NaN        NaN
     967        NaN        NaN
     970        NaN        NaN
     973        NaN        NaN
     976        NaN        NaN
     979        NaN        NaN
     982        NaN        NaN
     985        NaN        NaN
     988        NaN        NaN
     991        NaN        NaN
     994        NaN        NaN
     997        NaN        NaN
    1000        NaN        NaN
    1003        NaN        NaN
    1006        NaN        NaN
    1009        NaN        NaN
    1012        NaN        NaN
    1015        NaN        NaN
    1018        NaN        NaN
    1021        NaN        NaN
    1024        NaN        NaN
    1027        NaN        NaN
    1030        NaN        NaN
    1033        NaN        NaN
    1036        NaN        NaN
    1039        NaN        NaN
    1042        NaN        NaN
    1045     2.2321     0.8750
    1048     2.1633     0.8577
    1051     2.1805     0.8450
    1054     2.1977     0.0812
    1057     2.1821     0.0577
    1060     2.1475     0.0776
    1063     2.1884     0.0430
    1066     2.2408     0.0780
    1069     2.1771     0.0484
    1072     2.1754     0.0782
    1075     2.1737     0.1323
    1078     2.2406     0.0652
    1081     2.1991     0.0484
    1084     2.1575     0.0316
    1087     2.2300     0.0734
    1090     2.2723     0.0828
    1093     2.2572     0.0472
    1096     2.2259     0.0886
    1099     2.1655     0.1116
    1102     2.2935     0.0614
    1105     2.2471     0.0580
    1108     2.3122     0.1197
    1111        NaN        NaN
    1114        NaN        NaN
    1117        NaN        NaN
    1120        NaN        NaN
    1123        NaN        NaN
    1126        NaN        NaN
    1129        NaN        NaN
    1132        NaN        NaN
    1135        NaN        NaN
    1138        NaN        NaN
    1141        NaN        NaN
    1144        NaN        NaN
    1147        NaN        NaN
    1150        NaN        NaN
    1153        NaN        NaN
    1156        NaN        NaN
    1159        NaN        NaN
    1162        NaN     0.0937
    1165     2.4503     0.0913
    1168     2.4127     0.0874
    1171     2.4309     0.0987
    1174     2.4490     0.1100
    1177     2.4672     0.1213
    1180     2.4739     0.1322
    1183     2.5731     0.1275
    1186     2.4802     0.0824
    1189     2.5231     0.1291
    1192     2.5258     0.1410
    1195     2.5936     0.1550
    1198     2.5493     0.1458
    1201     2.5716     0.1412
    1204     2.5940     0.1365
    1207     2.5168     0.1164
    1210     2.5553     0.1043
    1213     2.5663     0.1369
    1216     2.5772     0.1167
    1219     2.5623     0.0669
    1222     2.5822     0.1262
    1225     2.6020     0.1428
    1228     2.6579     0.1121
    1231     2.6334     0.1112
    1234     2.6088     0.1247
    1237     2.6362     0.1519
    1240     2.6231     0.1547
    1243     2.6869     0.1452
    1246     2.6828     0.1379
    1249     2.7077     0.2022
    1252     2.6229     0.2023
    1255     2.7000     0.1789
    1258     2.6856     0.1612
    1261     2.7158     0.1719
    1264     2.7461     0.1830
    1267     2.7541     0.1801
    1270     2.7804     0.2031
    1273     2.7806     0.1361
    1276     2.7808     0.1641
    1279     2.8401     0.2005
    1282     2.8285     0.1316
    1285     2.8169     0.1373
    1288     2.7654     0.1385
    1291     2.7741     0.1441
    1294     2.7827     0.1497
    1297     2.7515     0.1397
    1300     2.8170     0.1443
    1303     2.8017     0.1642
    1306     2.7864     0.1638
    1309     2.8612     0.1735
    1312     2.8507     0.2380
    1315     2.8402     0.2053
    1318     2.8142     0.1995
    1321     2.8249     0.2046
    1324     2.8356     0.2097
    1327     2.8554     0.2558
    1330     2.8574     0.2373
    1333     2.9658     0.2891
    1336     2.8570     0.2321
    1339     2.8973     0.1705
    1342     2.9147     0.2464
    1345     2.9322     0.2009
    1348     2.9416     0.2189
    1351     2.9359     0.1992
    1354     2.9303     0.1708
    1357     2.9712     0.2235
    1360     2.9572     0.2002
    1363     2.9659     0.1927
    1366     2.9020     0.1903
    1369     2.9580     0.2107
    1372     2.9925     0.2179
    1375     2.9337     0.2479
    1378     2.9967     0.2345
    1381     3.0227     0.2046
    1384     3.0486     0.2570
    1387     2.9735     0.1849
    1390     3.0239     0.2205
    1393     3.0078     0.1780
    1396     2.9918     0.2124
    1399     3.0290     0.2177
    1402     2.9551     0.2059
    1405     3.0795     0.2230
    1408     3.0326     0.1905
    1411     3.0155     0.1785
    1414     2.9983     0.1664
    1417     3.0245     0.1844
    1420     3.0836     0.1863
    1423     2.9619     0.1470
    1426     3.1127     0.2271
    1429     3.0984     0.2043
    1432     3.0120     0.1971
    1435     3.0988     0.2199
    1438     3.0887     0.2465
    1441     3.0793     0.2081
    1444     3.0699     0.1696
    1447     3.1016     0.1942
    1450     3.1659     0.2407
    1453     3.1787     0.2543
    1456     3.1614     0.1826
    1459     3.1485        NaN
    1462     3.1356        NaN
    1465     3.1228        NaN
    1468     3.1826        NaN
    1471     3.1358        NaN
    1474     3.0890        NaN
    1477     3.1848        NaN
    1480     3.1632        NaN
    1483     3.1736        NaN
    1486     3.2940        NaN
    1489     3.1905        NaN
    1492     3.2755        NaN
    1495     3.3072     0.2206
    1498     3.3198     0.1721
    1501     3.3324     0.1236
    1504     3.3451     0.2171
    1507     3.2822     0.1312
    1510     3.2376     0.1516
    1513     3.2378     0.1332
    1516     3.2789     0.1186
    1519     3.3338     0.1790
    1522     3.2304     0.1626
    1525     3.3582     0.1667
    1528     3.3077     0.1505
    1531     3.3107     0.1408
    1534     3.3138     0.1310
    1537     3.3341     0.1341
    1540     3.3276     0.1108
    1543     3.3284     0.1479
    1546     3.3291     0.1285
    1549     3.3747     0.1030
    1552     3.4083     0.1639
    1555     3.3521     0.1267
    1558     3.4007     0.1331
    1561     3.3891     0.1224
    1564     3.3776     0.1116
    1567     3.4033     0.1157
    1570     3.4013     0.1354
    1573     3.4162     0.1828
    1576     3.4311     0.1242
    1579     3.4415     0.1410
    1582     3.4682     0.0983
    1585     3.4949     0.1510
    1588     3.4295     0.1283
    1591     3.4791     0.1172
    1594     3.5287     0.1565
    1597     3.4466     0.1203
    1600     3.3979     0.1615
    1603     3.4152     0.1022
    1606     3.4684     0.0954
    1609     3.4337     0.1318
    1612     3.4559     0.1457
    1615     3.5198     0.1382
    1618     3.5218     0.1490
    1621     3.5607     0.1713
    1624     3.5996     0.1936
    1627     3.5167     0.1157
    1630     3.4827     0.1131
    1633     3.5241     0.1979
    1636     3.5655     0.1689
    1639     3.5844     0.1942
    1642     3.6076     0.1578
    1645     3.5686     0.1510
    1648     3.5618     0.1638
    1651     3.5828     0.1655
    1654     3.6038     0.1672
    1657     3.7066     0.1727
    1660     3.5662     0.1847
    1663     3.6240     0.1521
    1666     3.6373     0.1469
    1669     3.6836     0.1971
    1672     3.6538     0.1836
    1675     3.6239     0.1384
    1678     3.6794     0.1469
    1681     3.6611     0.1987
    1684     3.6428     0.1881
    1687     3.9734     0.1504
    1690     3.7343     0.2211
    1693     3.7027     0.1739
    1696     3.6712     0.2216
    1699     3.7811     0.2405
    1702     3.6873     0.1952
    1705     3.7296     0.1949
    1708     3.6557     0.1915
    1711     3.6830     0.2382
    1714     3.7102     0.2117
    1717     3.7706     0.2191
    1720     3.7159     0.1929
    1723     3.7463     0.1979
    1726     3.7420     0.1913
    1729     3.6925     0.1680
    1732     3.6098     0.1718
    1735     3.7015     0.1178
    1738     3.6949     0.1090
    1741     3.7689     0.1849
    1744     3.7756     0.1384
    1747     3.7529     0.1317
    1750     3.7611     0.1414
    1753     3.7168     0.0734
    1756     3.7082     0.1121
    1759     3.8454     0.1546
    1762     3.8078     0.1659
    1765     3.7702     0.1161
    1768     3.7040     0.1224
    1771     3.7327     0.0903
    1774     3.7615     0.0770
    1777     3.7383     0.0695
    1780     3.8018     0.0622
    1783     3.7931     0.0530
    1786     3.7843     0.1173
    1789     3.7590     0.0974
    1792     3.7816     0.0732
    1795     3.8042     0.0719
    1798     3.8507     0.0706
    1801     3.8256     0.0501
    1804     3.8004     0.0296
    1807     3.9176     0.1096
    1810     3.8573     0.0382
    1813     3.9085     0.1083
    1816     3.8625    -0.0006
    1819     3.8156    -0.0001
    1822     3.7903     0.0437
    1825     3.8224     0.0377
    1828     3.8545     0.0317
    1831     3.8867     0.0224
    1834     3.9188     0.0131
    1837     3.8825    -0.0332
    1840     3.9117     0.0121
    1843     3.8930    -0.0116
    1846     3.8743    -0.0587
    1849     3.8494    -0.0548
    1852     3.8522    -0.0331
    1855     3.8549    -0.0848
    1858     3.9203    -0.0128
    1861     3.8871    -0.0642
    1864     3.8539    -0.0408
    1867     3.8976    -0.0323
    1870     3.9543    -0.0273
    1873     4.0109    -0.0261
    1876     3.8736    -0.0249
    1879     3.9854    -0.0756
    1882     3.9050    -0.1010
    1885     3.9378    -0.0840
    1888     3.9538    -0.0823
    1891     3.9400    -0.0733
    1894     3.9575    -0.0642
    1897     3.9383    -0.0619
    1900     3.9348    -0.0422
    1903     3.9490    -0.0578
    1906     3.9254    -0.0658
    1909     4.0021    -0.0164
    1912     4.0036    -0.0287
    1915     3.9761    -0.0980
    1918     4.0493    -0.0127
    1921     4.0387    -0.0069
    1924     4.0282    -0.0012
    1927     3.9790    -0.1024
    1930     3.9639    -0.0614
    1933     3.9994    -0.1100
    1936     4.0349    -0.1385
    1939     4.0663    -0.0643
    1942     4.0212    -0.0992
    1945     4.0087    -0.0946
    1948     4.0464    -0.0563
    1951     4.0219    -0.0597
    1954     3.9974    -0.0182
    1957     4.0864    -0.0119
    1960     4.0575    -0.0452
    1963     4.0690    -0.0249
    1966     4.0806    -0.0135
    1969     4.1125     0.0169
    1972     4.1136     0.0018
    1975     4.1147     0.0408
    1978     4.1166     0.0486
    1981     4.0826     0.0542
    1984     4.0487     0.0503
    1987     4.0900    -0.0169
    1990     4.1217     0.0908
    1993     4.1221     0.1136
    1996     4.1224     0.0723
    1999     4.0542     0.0171
    2002     4.0718     0.0840
    2005     4.0894     0.0176
    2008     4.0953     0.0325
    2011     4.1249     0.0411
    2014     4.1544     0.0208
    2017     4.1868     0.0831
    2020     4.1595     0.0578
    2023     4.1726     0.0202
    2026     4.1857     0.0645
    2029     4.1647     0.0843
    2032     4.1200     0.0596
    2035     4.1505     0.0700
    2038     4.2000     0.1047
    2041     4.1848     0.1113
    2044     4.1696     0.1179
    2047     4.2120     0.1595
    2050     4.2227     0.1586
    2053     4.1614     0.1116
    2056     4.2052     0.1241
    2059     4.2536     0.1684
    2062     4.1329     0.1228
    2065     4.2664     0.1739
    2068     4.2615     0.1592
    2071     4.2646     0.1446
    2074     4.2676     0.2017
    2077     4.1534     0.0921
    2080     4.2359     0.1460
    2083     4.1622     0.1022
    2086     4.1528     0.0435
    2089     4.2598     0.0956
    2092     4.2582     0.0666
    2095     4.2567     0.0911
    2098     4.1837     0.0147
    2101     4.1480    -0.0062
    2104     4.1123    -0.0271
    2107     4.1861    -0.0152
    2110     4.2465     0.0471
    2113     4.2010    -0.0519
    2116     4.2001    -0.0370
    2119     4.2289    -0.0322
    2122     4.2349    -0.0162
    2125     4.2408    -0.0290
    2128     4.2134    -0.0236
    2131     4.2185    -0.0485
    2134     4.2419    -0.0733
    2137     4.2252    -0.0609
    2140     4.2346    -0.0568
    2143     4.2551    -0.0500
    2146     4.3301    -0.1005
    2149     4.2648    -0.0513
    2152     4.2355     0.0012
    2155     4.2062    -0.0914
    2158     4.2179    -0.0797
    2161     4.2168    -0.0441
    2164     4.2156    -0.0545
    2167     4.1336    -0.0595
    2170     4.2490    -0.0666
    2173     4.2767    -0.0461
    2176     4.2337    -0.0772
    2179     4.2348    -0.0639
    2182     4.2474    -0.0520
    2185     4.2600    -0.0650
    2188     4.2519    -0.0658
    2191     4.2930    -0.0476
    2194     4.3342    -0.0362
    2197     4.3330    -0.0448
    2200     4.2435    -0.1090
    2203     4.3592    -0.0467
    2206     4.2565    -0.0727
    2209     4.2836    -0.0898
    2212     4.3416    -0.0709
    2215     4.3326    -0.0372
    2218     4.3416    -0.0381
    2221     4.3490    -0.0358
    2224     4.3565    -0.0335
    2227     4.2577    -0.0378
    2230     4.3127    -0.0506
    2233     4.3130     0.0081
    2236     4.3105     0.0031
    2239     4.2706    -0.0303
    2242     4.3420    -0.0458
    2245     4.2876    -0.0465
    2248     4.3180    -0.0292
    2251     4.2866    -0.0423
    2254     4.2553    -0.0554
    2257     4.2789    -0.0080
    2260     4.3026     0.0393
    2263     4.3263     0.0866
    2266     4.3500     0.0711
    2269     4.2826    -0.0604
    2272     4.4234    -0.0090
    2275     4.4108    -0.0307
    2278     4.3773    -0.1217
    2281     4.3710    -0.1392
    2284     4.3646    -0.1566
    2287     4.3420    -0.1798
    2290     4.4025    -0.2088
    2293     4.4057    -0.1878
    2296     4.4088    -0.1993
    2299     4.4037    -0.2304
    2302     4.3899    -0.6445
    2305     4.3791    -0.6786
    2308     4.3182     0.0289
    2311     4.3654     0.0242
    2314     4.4126     0.3170
    2317     4.4210     0.3061
    2320     4.4057     0.3347
    2323     4.4316     0.2473
    2326     4.4576     0.2844
    2329     4.4047     0.3069
    2332     4.3740     0.2717
    2335     4.3434     0.2917
    2338     4.4058     0.2750
    2341     4.4043     0.2854
    2344     4.4028     0.3116
    2347     4.4228     0.3028
    2350     4.4343     0.2571
    2353     4.4328     0.2950
    2356     4.4313     0.2807
    2359     4.4115     0.2630
    2362     4.3938     0.3049
    2365     4.3762     0.2623
    2368     4.3982     0.2942
    2371     4.3951     0.2987
    2374     4.3919     0.3031
    2377     4.4062     0.2829
    2380     4.3598     0.2626
    2383     4.3646     0.2896
    2386     4.3693     0.2591
    2389     4.4359     0.2748
    2392     4.4893     0.2528
    2395     4.4058     0.3000
    2398     4.4228     0.2794
    2401     4.4146     0.3087
    2404     4.4063     0.2722
    2407     4.4203     0.3079
    2410     4.3652     0.2588
    2413     4.3388     0.2516
    2416     4.4164     0.2863
    2419     4.4123     0.2260
    2422     4.4016     0.2636
    2425     4.3910     0.2467
    2428     4.4157     0.2299
    2431     4.4447     0.2339
    2434     4.4738     0.2379
    2437     4.3765     0.1366
    2440     4.4800     0.2012
    2443     4.4661     0.2596
    2446     4.4008     0.2304
    2449     4.3980     0.2011
    2452     4.4717     0.2139
    2455     4.4260     0.1701
    2458     4.4671     0.2593
    2461     4.4572     0.2421
    2464     4.4472     0.2249
    2467     4.4676     0.2077
    2470     4.4729     0.1499
    2473     4.4090     0.1470
    2476     4.4083     0.1786
    2479     4.4399     0.2056
    2482     4.4845     0.2208
    2485     4.5292     0.2361
    2488     4.4969     0.1899
    2491     4.4680     0.1787
    2494     4.4392     0.1509
    2497     4.5252     0.1673
    2500     4.4128     0.1837
    2503     4.4022     0.1136
    2506     4.3916     0.1671
    2509     4.3841     0.1285
    2512     4.4312     0.1303
    2515     4.4782     0.1607
    2518     4.5019     0.1423
    2521     4.4768     0.1704
    2524     4.4517     0.1626
    2527     4.4239     0.1519
    2530     4.4617     0.1244
    2533     4.4700     0.1925
    2536     4.4081     0.1764
    2539     4.4725     0.1896
    2542     4.4813     0.2096
    2545     4.4902     0.1731
    2548     4.5103     0.1716
    2551     4.3825     0.1907
    2554     4.4852     0.1485
    2557     4.4845     0.1870
    2560     4.5363     0.1724
    2563     4.5451     0.2266
    2566     4.5396     0.1866
    2569     4.4710     0.1739
    2572     4.5369     0.1950
    2575     4.5254     0.1965
    2578     4.5123     0.1847
    2581     4.4905     0.1810
    2584     4.4687     0.1774
    2587     4.5161     0.1863
    2590     4.4353     0.1647
    2593     4.5100     0.1745
    2596     4.5812     0.1840
    2599     4.5493     0.1934
    2602     4.5036     0.1690
    2605     4.5281     0.1446
    2608     4.5592     0.1469
    2611     4.5301     0.1492
    2614     4.5165     0.1476
    2617     4.4682     0.1194
    2620     4.5083     0.1119
    2623     4.5485     0.1045
    2626     4.5483     0.1891
    2629     4.5535     0.1658
    2632     4.5101     0.1426
    2635     4.5605     0.1665
    2638     4.5736     0.1236
    2641     4.5799     0.1274
    2644     4.5863     0.1313
    2647     4.5515     0.1185
    2650     4.5392     0.1056
    2653     4.5206     0.1142
    2656     4.5465     0.0658
    2659     4.5640     0.1061
    2662     4.5936     0.1285
    2665     4.4964     0.1146
    2668     4.5770     0.1136
    2671     4.5899     0.1266
    2674     4.6028     0.1395
    2677     4.5804     0.1092
    2680     4.6472     0.1676
    2683     4.6642     0.1414
    2686     4.5052     0.1191
    2689     4.5987     0.1516
    2692     4.6059     0.1298
    2695     4.6013     0.0948
    2698     4.6596     0.0955
    2701     4.6841     0.0962
    2704     4.7087     0.0969
    2707     4.5463     0.0908
    2710     4.6668     0.0767
    2713     4.6437     0.1017
    2716     4.7566     0.1156
    2719     4.6416     0.0892
    2722     4.7306     0.1420
    2725     4.6298     0.0929
    2728     4.6935     0.1133
    2731     4.7160     0.1336
    2734     4.7385     0.1540
    2737     4.6327     0.1120
    2740     4.6048     0.1237
    2743     4.6050     0.0952
    2746     4.6333     0.1300
    2749     4.6464     0.1243
    2752     4.6590     0.1744
    2755     4.6180     0.1147
    2758     4.6775     0.1350
    2761     4.6975     0.1430
    2764     4.7176     0.1510
    2767     4.7102     0.1591
    2770     4.7027     0.1671
    2773     4.6953     0.1751
    2776     4.6878     0.1831
    2779     4.6803     0.1912
    2782     4.6955     0.1992
    2785     4.6591     0.1533
    2788     4.6983     0.1950
    2791     4.6996     0.1607
    2794     4.7009     0.1834
    2797     4.7299     0.1995
    2800     4.7375     0.2177
    2803     4.6882     0.1488
    2806     4.7120     0.1797
    2809     4.6883     0.1531
    2812     4.7459     0.1587
    2815     4.6915     0.1614
    2818     4.7075     0.1400
    2821     4.6974     0.1185
    2824     4.6873     0.0971
    2827     4.7584     0.1611
    2830     4.7295     0.1429
    2833     4.6680     0.0723
    2836     4.6673     0.1041
    2839     4.6550     0.0811
    2842     4.7626     0.1302
    2845     4.6850     0.0851
    2848     4.6899     0.1328
    2851     4.6983     0.1036
    2854     4.7068     0.0745
    2857     4.6294     0.0822
    2860     4.7141     0.0900
    2863     4.6468     0.0978
    2866     4.6740     0.1056
    2869     4.6982     0.1282
    2872     4.7258     0.1379
    2875     4.7222     0.1443
    2878     4.6593     0.1026
    2881     4.6762     0.1783
    2884     4.6769     0.1478
    2887     4.5421     0.1025
    2890     4.7015     0.1414
    2893     4.6993     0.1804
    2896     4.6924     0.1812
    2899     4.6743     0.1475
    2902     4.7109     0.1783
    2905     4.6689     0.1646
    2908     4.6997     0.1652
    2911     4.7202     0.1657
    2914     4.7406     0.1987
    2917     4.6927     0.2404
    2920     4.6742     0.2232
    2923     4.6560     0.2536
    2926     4.5563     0.1899
    2929     4.6188     0.2427
    2932     4.6897     0.1821
    2935     4.7058     0.2354
    2938     4.7572     0.2380
    2941     4.7084     0.2406
    2944     4.6597     0.2431
    2947     4.6526     0.3023
    2950     4.7889     0.2675
    2953     4.6444     0.2326
    2956     4.5512     0.2467
    2959     4.7124     0.2607
    2962     4.6846     0.3159
    2965     4.6069     0.2478
    2968     4.6862     0.2975
    2971     4.6653     0.2632
    2974     4.6443     0.2782
    2977     4.6101     0.2379
    2980     4.7019     0.3073
    2983     4.7032     0.2778
    2986     4.6898     0.2719
    2989     4.6589     0.2921
    2992     4.6389     0.2402
    2995     4.6685     0.2623
    2998     4.6590     0.2874
    3001     4.6780     0.2981
    3004     4.6971     0.3088
    3007     4.6626     0.2139
    3010     4.7118     0.2844
    3013     4.6934     0.2702
    3016     4.7102     0.2650
    3019     4.6943     0.2330
    3022     4.6901     0.2877
    3025     4.6951     0.2701
    3028     4.7207     0.2917
    3031     4.7300     0.2784
    3034     4.7393     0.2651
    3037     4.6621     0.2518
    3040     4.7144     0.2386
    3043     4.7067     0.2253
    3046     4.7112     0.2120
    3049     4.7156     0.1987
    3052     4.6976     0.2473
    3055     4.7063     0.4048
    3058     4.6454     0.3897
    3061     4.6540     0.3746
    3064     4.6627     0.3109
    3067     4.6713     0.2472
    3070     4.6800     0.1836
    3073     4.6886     0.1199
    3076     4.6918     0.0604
    3079     4.6736     0.0593
    3082     4.7152     0.1243
    3085     4.7239     0.1020
    3088     4.7603     0.2087
    3091     4.7572     0.1636
    3094     4.7542     0.1185
    3097     4.7219     0.1533
    3100     4.7970     0.1511
    3103     4.7212     0.1490
    3106     4.6455     0.1758
    3109     4.8060     0.1717
    3112     4.7413     0.1890
    3115     4.7392     0.2064
    3118     4.7052     0.1545
    3121     4.7081     0.1913
    3124     4.7110     0.1947
    3127     4.7139     0.1981
    3130     4.7168     0.2015
    3133     4.7197     0.2048
    3136     4.7226     0.2082
    3139     4.8015     0.2116
    3142     4.7736     0.1764
    3145     4.8056     0.2248
    3148     4.7397     0.1963
    3151     4.7708     0.1951
    3154     4.8019     0.1939
    3157     4.7451     0.1953
    3160     4.8110     0.2647
    3163     4.7765     0.2430
    3166     4.8173     0.2213
    3169     4.7879     0.2367
    3172     4.7429     0.2487
    3175     4.8804     0.2345
    3178     4.8209     0.2685
    3181     4.8252     0.2621
    3184     4.8294     0.2557
    3187     4.8525     0.2493
    3190     4.9039     0.3063
    3193     4.8255     0.2713
    3196     4.7471     0.2842
    3199     4.7649     0.2970
    3202     4.8320     0.2557
    3205     4.9068     0.2629
    3208     4.8923     0.2702
    3211     4.8190     0.2774
    3214     4.7456     0.2846
    3217     4.8644     0.2918
    3220     4.8451     0.2990
    3223     4.8006     0.2908
    3226     4.9927     0.2827
    3229     4.7456     0.2745
    3232     4.8937     0.3563
    3235     4.8276     0.2985
    3238     4.8587     0.3312
    3241     4.8423     0.3545
    3244     4.8259     0.3550
    3247     4.8545     0.3632
    3250     4.8261     0.3374
    3253     4.9769     0.4399
    3256     4.8374     0.3199
    3259     4.8672     0.3828
    3262     4.9797     0.4479
    3265     4.8683     0.4536
    3268     4.8865     0.4274
    3271     4.8712     0.4275
    3274     4.8558     0.4275
    3277     4.8776     0.4560
    3280     4.8386     0.4295
    3283     4.8901     0.4515
    3286     4.8848     0.4720
    3289     4.8631     0.4636
    3292     4.9558     0.4610
    3295     4.8945     0.4908
    3298     4.8333     0.5206
    3301     4.8470     0.5156
    3304     4.8608     0.5106
    3307     4.7638     0.5212
    3310     4.9382     0.5318
    3313     4.8457     0.5424
    3316     4.8508     0.5530
    3319     4.8458     0.5024
    3322     4.7975     0.4965
    3325     4.7851     0.4963
    3328     4.7787     0.5329
    3331     4.8030     0.5389
    3334     4.8273     0.5449
    3337     4.7907     0.4833
    3340     4.8518     0.5785
    3343     4.8261     0.5504
    3346     4.7387     0.5330
    3349     4.8968     0.5663
    3352     4.8290     0.5423
    3355     4.8776     0.5676
    3358     4.8567     0.5361
    3361     4.8650     0.5567
    3364     4.8733     0.5772
    3367     4.8653     0.5488
    3370     4.8124     0.5084
    3373     4.8126     0.5253
    3376     4.8467     0.5288
    3379     4.8085     0.5322
    3382     4.8397     0.5091
    3385     4.7345     0.5100
    3388     4.8247     0.5109
    3391     4.8399     0.5190
    3394     4.8551     0.5271
    3397     4.8332     0.5351
    3400     4.7833     0.4604
    3403     4.8616     0.4839
    3406     4.8924     0.5073
    3409     4.7873     0.4752
    3412     4.8363     0.5166
    3415     4.8474     0.5203
    3418     4.8430     0.5380
    3421     4.8249     0.5124
    3424     4.8067     0.4869
    3427     4.7754     0.4726
    3430     4.7932     0.4799
    3433     4.8843     0.4915
    3436     4.8515     0.4773
    3439     4.9057     0.5016
    3442     4.8444     0.4998
    3445     4.8094     0.4525
    3448     4.9248     0.4790
    3451     4.9298     0.5080
    3454     4.9347     0.5371
    3457     4.8441     0.5156
    3460     4.8918     0.4940
    3463     4.8760     0.4750
    3466     4.9325     0.5418
    3469     4.8472     0.4730
    3472     4.8418     0.4637
    3475     4.9488     0.5047
    3478     4.9509     0.4751
    3481     4.9445     0.4918
    3484     4.9381     0.5084
    3487     4.8312     0.4537
    3490     4.9136     0.5280
    3493     4.9083     0.5403
    3496     4.9368     0.5001
    3499     4.9081     0.5060
    3502     4.8109     0.4925
    3505     4.8527     0.4935
    3508     4.9032     0.5083
    3511     4.8946     0.4953
    3514     4.8860     0.4824
    3517     4.8533     0.4769
    3520     4.9256     0.5121
    3523     4.9022     0.4947
    3526     4.9259     0.5070
    3529     4.8955     0.5210
    3532     4.9496     0.5267
    3535     4.8985     0.5124
    3538     4.9410     0.5224
    3541     4.9575     0.5375
    3544     4.9740     0.5526
    3547     4.9446     0.5405
    3550     4.9619     0.4986
    3553     4.8938     0.5352
    3556     4.9542     0.5188
    3559     4.9527     0.4868
    3562     4.9623     0.4934
    3565     4.9291     0.5457
    3568     4.9106     0.5284
    3571     4.9373     0.5247
    3574     4.9640     0.5364
    3577     4.9437     0.5416
    3580     4.9443     0.5310
    3583     5.0387     0.5351
    3586     4.9360     0.5392
    3589     4.8953     0.5175
    3592     4.9153     0.5316
    3595     4.9579     0.5845
    3598     4.9834     0.5539
    3601     4.9593     0.5461
    3604     5.0000     0.5756
    3607     4.9247     0.5681
    3610     4.9994     0.5369
    3613     5.0784     0.6063
    3616     4.9193     0.5728
    3619     4.9593     0.5783
    3622     4.9515     0.5521
    3625     5.0543     0.5890
    3628     4.9260     0.5750
    3631     4.9371     0.5821
    3634     4.9483     0.5524
    3637     4.9522     0.5620
    3640     4.9876     0.6014
    3643     5.0559     0.6283
    3646     5.0040     0.6250
    3649     4.9468     0.5783
    3652     4.9390     0.5663
    3655     4.8926     0.5846
    3658     5.0906     0.6322
    3661     5.0460     0.6122
    3664     5.0013     0.5921
    3667     4.9511     0.5741
    3670     4.9466     0.5736
    3673     4.9494     0.5477
    3676     4.9165     0.5018
    3679     5.0059     0.5847
    3682     4.9476     0.5533
    3685     4.9389     0.5437
    3688     4.9528     0.5578
    3691     4.9601     0.5504
    3694     4.9673     0.5430
    3697     5.0370     0.5994
    3700     5.0100     0.6194
    3703     4.9470     0.5650
    3706     4.9713     0.5790
    3709     4.9431     0.5592
    3712     4.9339     0.5645
    3715     4.9905     0.6324
    3718     4.9678     0.5611
    3721     4.9996     0.5631
    3724     5.0314     0.5651
    3727     4.9630     0.5490
    3730     4.9845     0.5630
    3733     4.9964     0.5678
    3736     4.9429     0.5424
    3739     4.9626     0.5814
    3742     5.0231     0.5409
    3745     4.9426     0.5215
    3748     5.0308     0.5763
    3751     5.0064     0.5804
    3754     4.9820     0.5846
    3757     4.9825     0.5673
    3760     4.9879     0.5500
    3763     5.0167     0.5727
    3766     5.0090     0.5569
    3769     5.0541     0.5874
    3772     4.9967     0.5529
    3775     5.0105     0.5559
    3778     5.0623     0.6236
    3781     5.0465     0.6207
    3784     5.0306     0.6179
    3787     4.9853     0.6150
    3790     5.0642     0.6121
    3793     4.9926     0.5842
    3796     5.0842     0.5573
    3799     5.0571     0.5836
    3802     5.0311     0.5861
    3805     5.1358     0.6124
    3808     5.0292     0.5624
    3811     5.0609     0.5883
    3814     5.0927     0.5719
    3817     5.0525     0.5391
    3820     5.0482     0.5647
    3823     5.0918     0.6084
    3826     5.0534     0.5380
    3829     5.0825     0.5645
    3832     5.0735     0.5867
    3835     5.0788     0.5923
    3838     5.1185     0.5979
    3841     5.1260     0.6097
    3844     5.1335     0.6215
    3847     5.0942     0.6355
    3850     5.0788     0.6161
    3853     5.0966     0.6369
    3856     5.1297     0.6279
    3859     5.0594     0.6259
    3862     5.0725     0.6419
    3865     5.1168     0.5972
    3868     5.0999     0.5714
    3871     5.0797     0.5446
    3874     5.0595     0.5916
    3877     5.1178     0.6118
    3880     5.0905     0.5889
    3883     5.1001     0.6007
    3886     5.1346     0.5843
    3889     5.1444     0.5955
    3892     5.1110     0.5249
    3895     5.0964     0.5612
    3898     5.1218     0.5967
    3901     5.1127     0.5806
    3904     5.1035     0.5644
    3907     5.1307     0.5723
    3910     5.0953     0.5301
    3913     5.1515     0.5918
    3916     5.0739     0.5054
    3919     5.0882     0.5214
    3922     5.0869     0.5473
    3925     5.1065     0.5564
    3928     5.0468     0.5655
    3931     5.0799     0.5745
    3934     5.1129     0.5836
    3937     5.1102     0.5927
    3940     5.1739     0.6018
    3943     5.1675     0.6108
    3946     5.1102     0.5757
    3949     5.1493     0.6046
    3952     5.1199     0.5947
    3955     5.0759     0.5760
    3958     5.1372     0.5885
    3961     5.0688     0.5509
    3964     5.0005     0.5134
    3967     5.0753     0.5504
    3970     5.0944     0.5696
    3973     5.0899     0.5645
    3976     5.1324     0.5595
    3979     5.1092     0.5609
    3982     5.1151     0.5162
    3985     5.1105     0.5271
    3988     5.1144     0.5323
    3991     5.0974     0.5452
    3994     5.0803     0.5284
    3997     5.1340     0.5548
    4000     5.1050     0.5634
    4003     5.0965     0.5034
    4006     5.0555     0.5588
    4009     5.1182     0.5153
    4012     5.1220     0.5656
    4015     5.1689     0.5835
    4018     4.9842     0.5742
    4021     5.0281     0.5649
    4024     5.0720     0.5557
    4027     5.1058     0.5464
    4030     5.1068     0.5998
    4033     5.1180     0.5846
    4036     5.1007     0.5798
    4039     5.1246     0.5727
    4042     5.1086     0.5831
    4045     5.0672     0.5535
    4048     5.1165     0.5416
    4051     5.0832     0.5523
    4054     5.1144     0.5631
    4057     5.0972     0.5581
    4060     5.1430     0.6213
    4063     5.0300     0.5725
    4066     5.0810     0.6125
    4069     5.1118     0.6236
    4072     5.0860     0.6083
    4075     5.0951     0.5940
    4078     5.1041     0.5797
    4081     5.1065     0.5681
    4084     5.1088     0.5565
    4087     5.1205     0.5632
    4090     5.0631     0.5158
    4093     5.0862     0.5726
    4096     5.0945     0.5586
    4099     5.0792     0.5618
    4102     5.0541     0.5649
    4105     5.1326     0.5680
    4108     5.0772     0.5712
    4111     5.1019     0.5743
    4114     5.1267     0.5774
    4117     5.1740     0.5805
    4120     5.0727     0.5365
    4123     5.1243     0.5507
    4126     5.0792     0.5580
    4129     5.1112     0.5654
    4132     5.0789     0.5658
    4135     5.1385     0.5590
    4138     5.1790     0.6208
    4141     5.1787     0.5551
    4144     5.1784     0.6103
    4147     5.1476     0.6449
    4150     5.1453     0.6714
    4153     5.1230     0.5960
    4156     5.1383     0.5903
    4159     5.1510     0.6425
    4162     5.1442     0.6519
    4165     5.1199     0.6140
    4168     5.1817     0.5817
    4171     5.1499     0.6080
    4174     5.1180     0.6343
    4177     5.2971     0.6290
    4180     5.2000     0.6198
    4183     5.1289     0.5730
    4186     5.1821     0.6258
    4189     5.1564     0.6021
    4192     5.0357     0.5783
    4195     5.2783     0.6000
    4198     5.2160     0.6218
    4201     5.1646     0.6435
    4204     5.1132     0.6652
    4207     5.2242     0.6869
    4210     5.2072     0.6708
    4213     5.2772     0.7148
    4216     5.2218     0.7257
    4219     5.1430     0.6891
    4222     5.1385     0.6841
    4225     5.1966     0.6882
    4228     5.1855     0.6924
    4231     5.2156     0.7025
    4234     5.2456     0.7127
    4237     5.2398     0.7449
    4240     5.2460     0.7493
    4243     5.1790     0.7106
    4246     5.2122     0.7135
    4249     5.2158     0.7239
    4252     5.2606     0.6913
    4255     5.2467     0.6588
    4258     5.2719     0.6730
    4261     5.2571     0.6712
    4264     5.2423     0.6695
    4267     5.2839     0.6999
    4270     5.2555     0.6919
    4273     5.1719     0.6464
    4276     5.2879     0.6781
    4279     5.3097     0.7110
    4282     5.2001     0.7109
    4285     5.1843     0.7108
    4288     5.1879     0.7107
    4291     5.1905     0.7106
    4294     5.2250     0.7105
    4297     5.2715     0.7103
    4300     5.2181     0.7342
    4303     5.2165     0.6997
    4306     5.2257     0.7110
    4309     5.2276     0.7576
    4312     5.1997     0.7151
    4315     5.2645     0.6995
    4318     5.2083     0.6904
    4321     5.2379     0.6865
    4324     5.2675     0.6825
    4327     5.2298     0.6842
    4330     5.1971     0.6527
    4333     5.1616     0.6883
    4336     5.2628     0.6836
    4339     5.2248     0.6553
    4342     5.1562     0.6651
    4345     5.2548     0.6595
    4348     5.2051     0.6844
    4351     5.2497     0.6826
    4354     5.2403     0.6808
    4357     5.2032     0.6958
    4360     5.2253     0.7171
    4363     5.2448     0.6982
    4366     5.2017     0.6669
    4369     5.1790     0.6427
    4372     5.1230     0.6488
    4375     5.1155     0.6549
    4378     5.1851     0.7101
    4381     5.2043     0.6810
    4384     5.2235     0.6518
    4387     5.2216     0.6799
    4390     5.2086     0.6784
    4393     5.1939     0.6837
    4396     5.2182     0.6718
    4399     5.1853     0.6527
    4402     5.2420     0.7039
    4405     5.1593     0.6674
    4408     5.2170     0.6965
    4411     5.2245     0.6803
    4414     5.2319     0.7155
    4417     5.2296     0.7467
    4420     5.1853     0.6674
    4423     5.1473     0.6648
    4426     5.3055     0.7318
    4429     5.2235     0.6995
    4432     5.1360     0.6672
    4435     5.1754     0.6831
    4438     5.1718     0.7541
    4441     5.1695     0.7252
    4444     5.1320     0.6963
    4447     5.1857     0.6949
    4450     5.2254     0.7121
    4453     5.1225     0.7293
    4456     5.1965     0.7465
    4459     5.2705     0.7637
    4462     5.2042     0.7560
    4465     5.2079     0.7482
    4468     5.1649     0.7404
    4471     5.1868     0.7326
    4474     5.2087     0.7690
    4477     5.2474     0.7103
    4480     5.2933     0.7347
    4483     5.2361     0.7492
    4486     5.1911     0.7236
    4489     5.1868     0.6909
    4492     5.2522     0.7764
    4495     5.2518     0.7440
    4498     5.2982     0.8224
    4501     5.2297     0.7683
    4504     5.1611     0.7696
    4507     5.2704     0.7709
    4510     5.2300     0.7841
    4513     5.2505     0.7973
    4516     5.2051     0.7882
    4519     5.2156     0.7951
    4522     5.1846     0.8131
    4525     5.1871     0.7764
    4528     5.2541     0.7985
    4531     5.2086     0.8009
    4534     5.1631     0.8030
    4537     5.2340     0.8050
    4540     5.2150     0.8209
    4543     5.3080     0.8259
    4546     5.2520     0.8169
    4549     5.2809     0.8079
    4552     5.2244     0.7989
    4555     5.2692     0.7898
    4558     5.2286     0.7808
    4561     5.2345     0.7718
    4564     5.2404     0.7908
    4567     5.3430     0.7791
    4570     5.1795     0.7806
    4573     5.2732     0.7820
    4576     5.2547     0.7748
    4579     5.3290     0.8342
    4582     5.2835     0.8743
    4585     5.2816     0.8298
    4588     5.3491     0.8301
    4591     5.3238     0.8303
    4594     5.2985     0.8306
    4597     5.4107     0.8706
    4600     5.2052     0.8062
    4603     5.2907     0.8483
    4606     5.2659     0.8343
    4609     5.2737     0.7959
    4612     5.3107     0.8240
    4615     5.3082     0.8221
    4618     5.2634     0.7515
    4621     5.2660     0.8261
    4624     5.2687     0.7480
    4627     5.2648     0.8138
    4630     5.3058     0.7796
    4633     5.3310     0.7993
    4636     5.3037     0.8065
    4639     5.3531     0.8136
    4642     5.1982     0.8078
    4645     5.2632     0.8019
    4648     5.2864     0.7961
    4651     5.2211     0.7954
    4654     5.3128     0.7947
    4657     5.2594     0.7939
    4660     5.2400     0.7932
    4663     5.3037     0.8284
    4666     5.2436     0.7816
    4669     5.2931     0.7796
    4672     5.2971     0.7768
    4675     5.3085     0.7921
    4678     5.2967     0.7479
    4681     5.3463     0.7599
    4684     5.3960     0.7719
    4687     5.2626     0.7672
    4690     5.2839     0.7625
    4693     5.2820     0.7577
    4696     5.3545     0.7766
    4699     5.2697     0.7682
    4702     5.2872     0.7432
    4705     5.2827     0.7759
    4708     5.3267     0.7730
    4711     5.3364     0.7701
    4714     5.3462     0.7673
    4717     5.2794     0.7393
    4720     5.3369     0.7565
    4723     5.2862     0.7158
    4726     5.3364     0.7086
    4729     5.2961     0.7013
    4732     5.3131     0.6940
    4735     5.3157     0.6867
    4738     5.2916     0.7144
    4741     5.2940     0.7028
    4744     5.2963     0.6913
    4747     5.3351     0.6797
    4750     5.3235     0.7403
    4753     5.3097     0.7158
    4756     5.2774     0.6913
    4759     5.2034     0.7087
    4762     5.3043     0.7261
    4765     5.3472     0.7450
    4768     5.3355     0.7572
    4771     5.3099     0.7487
    4774     5.2842     0.7401
    4777     5.2517     0.7315
    4780     5.2828     0.7229
    4783     5.2978     0.7237
    4786     5.3075     0.7363
    4789     5.3307     0.7537
    4792     5.3175     0.7712
    4795     5.2597     0.7114
    4798     5.3611     0.7420
    4801     5.3328     0.7293
    4804     5.3045     0.7165
    4807     5.3623        NaN
    4810     5.3198        NaN
    4813     5.3143        NaN
    4816     5.3335        NaN
    4819     5.3716        NaN
    4822     5.3550        NaN
    4825     5.3315        NaN
    4828     5.4396        NaN
    4831     5.3683        NaN
    4834     5.2971     0.7500
    4837     5.2981     0.7842
    4840     5.3556     0.7705
    4843     5.3296     0.7738
    4846     5.3360     0.7421
    4849     5.3754     0.7785
    4852     5.3645     0.7712
    4855     5.3611     0.7860
    4858     5.3780     0.8046
    4861     5.3734     0.7606
    4864     5.3689     0.7982
    4867     5.4104     0.8213
    4870     5.3750     0.8237
    4873     5.3823     0.8262
    4876     5.3525     0.8034
    4879     5.3837     0.8201
    4882     5.4420     0.8221
    4885     5.3625     0.8048
    4888     5.4222     0.8170
    4891     5.4089     0.8111
    4894     5.3956     0.8013
    4897     5.4209     0.8176
    4900     5.4013     0.7768
    4903     5.4590     0.7677
    4906     5.3596     0.7585
    4909     5.4221     0.7494
    4912     5.4205     0.7403
    4915     5.4013     0.7629
    4918     5.4792     0.7776
    4921     5.4547     0.7698
    4924     5.4301     0.7621
    4927     5.4351     0.6979
    4930     5.3998     0.7118
    4933     5.4270     0.7011
    4936     5.4406     0.7229
    4939     5.4960     0.7106
    4942     5.4448     0.6895
    4945     5.4162     0.6718
    4948     5.4729     0.6644
    4951     5.4650     0.6570
    4954     5.4572     0.6496
    4957     5.4317     0.6421
    4960     5.4624     0.6792
    4963     5.4400     0.6063
    4966     5.4241     0.6321
    4969     5.4477     0.6527
    4972     5.4641     0.6391
    4975     5.4806     0.6255
    4978     5.4214     0.6104
    4981     5.4464     0.6344
    4984     5.4713     0.6584
    4987     5.4884     0.6537
    4990     5.4108     0.6490
    4993     5.4307     0.6443
    4996     5.4184     0.6396
    4999     5.4171     0.6348
    5002     5.4772     0.6301
    5005     5.4556     0.6254
    5008     5.4815     0.6813
    5011     5.4749     0.6857
    5014     5.4684     0.6900
    5017     5.4854     0.7066
    5020     5.4882     0.7231
    5023     5.5651     0.7156
    5026     5.5220     0.7432
    5029     5.4602     0.7709
    5032     5.5443     0.7985
    5035     5.4102     0.7201
    5038     5.4495     0.7845
    5041     5.4719     0.7958
    5044     5.4943     0.8072
    5047     5.4961     0.8307
    5050     5.4991     0.8167
    5053     5.4002     0.8026
    5056     5.4993     0.7996
    5059     5.4746     0.8168
    5062     5.4791     0.8168
    5065     5.4584     0.7715
    5068     5.5035     0.8397
    5071     5.4901     0.8462
    5074     5.4767     0.8211
    5077     5.4705     0.9050
    5080     5.5140     0.8928
    5083     5.5318     0.8623
    5086     5.4963     0.8817
    5089     5.4035     0.9011
    5092     5.4943     0.9205
    5095     5.4835     0.8917
    5098     5.4951     0.8911
    5101     5.4858     0.8906
    5104     5.4764     0.8901
    5107     5.4989     0.8948
    5110     5.4413     0.9028
    5113     5.4247     0.8898
    5116     5.4376     0.8788
    5119     5.4386     0.8702
    5122     5.4854     0.8818
    5125     5.4627     0.8747
    5128     5.5152     0.9287
    5131     5.4782     0.8746
    5134     5.4411     0.8790
    5137     5.3877     0.8138
    5140     5.4911     0.8569
    5143     5.4915     0.8728
    5146     5.5032     0.8931
    5149     5.4809     0.9005
    5152     5.4605     0.8594
    5155     5.5010     0.9009
    5158     5.4751     0.8886
    5161     5.4984     0.8763
    5164     5.5216     0.8640
    5167     5.5064     0.8852
    5170     5.5324     0.8810
    5173     5.5461     0.8768
    5176     5.5062     0.8726
    5179     5.6082     0.8684
    5182     5.5423     0.8642
    5185     5.5523     0.8852
    5188     5.5122     0.8946
    5191     5.5273     0.8736
    5194     5.5424     0.8526
    5197     5.5406     0.8411
    5200     5.5004     0.8085
    5203     5.4796     0.7916
    5206     5.6122     0.8481
    5209     5.5123     0.8745
    5212     5.5764     0.9008
    5215     5.5027     0.8994
    5218     5.5663     0.8980
    5221     5.5607     0.8531
    5224     5.5551     0.8625
    5227     5.5942     0.8859
    5230     5.5579     0.9045
    5233     5.5740     0.8823
    5236     5.5213     0.8602
    5239     5.5200     0.8796
    5242     5.5691     0.8990
    5245     5.5946     0.9185
    5248     5.5698     0.9637
    5251     5.5865     0.9164
    5254     5.6032     0.9404
    5257     5.6155     0.9227
    5260     5.6105     0.9131
    5263     5.5406     0.8891
    5266     5.6305     0.9085
    5269     5.6434     0.9017
    5272     5.6563     0.9063
    5275     5.6692     0.8841
    5278     5.6264     0.8797
    5281     5.6180     0.8549
    5284     5.6096     0.8302
    5287     5.6737     0.8617
    5290     5.6668     0.8471
    5293     5.5390     0.8055
    5296     5.5744     0.8317
    5299     5.5083     0.8305
    5302     5.4841     0.8025
    5305     5.5869     0.8331
    5308     5.6188     0.8627
    5311     5.6023     0.8583
    5314     5.5859     0.8539
    5317     5.6273     0.8838
    5320     5.5692     0.8668
    5323     5.5828     0.8499
    5326     5.5153     0.8236
    5329     5.5796     0.8286
    5332     5.5887     0.8490
    5335     5.5390     0.8364
    5338     5.5748     0.8725
    5341     5.5724     0.8905
    5344     5.5701     0.9085
    5347     5.5871     0.9082
    5350     5.5193     0.8999
    5353     5.5737     0.9034
    5356     5.4821     0.9069
    5359     5.5787     0.9104
    5362     5.6635     0.9241
    5365     5.5747     0.9379
    5368     5.5438     0.8843
    5371     5.5219     0.8844
    5374     5.5000     0.8846
    5377     5.5403     0.8847
    5380     5.5806     0.8849
    5383     5.5404     0.8932
    5386     5.5089     0.9015
    5389     5.5658     0.9098
    5392     5.5174     0.9215
    5395     5.5739     0.9333
    5398     5.5963     0.9450
    5401     5.5775     0.9941
    5404     5.5588     0.9853
    5407     5.6149     0.9766
    5410     5.5755     0.9694
    5413     5.5527     1.0176
    5416     5.5914     1.0274
    5419     5.5579     0.9997
    5422     5.6201     1.0255
    5425     5.5703     1.0288
    5428     5.5878     1.0320
    5431     5.5690     1.0353
    5434     5.5503     1.0153
    5437     5.5470     1.0870
    5440     5.5897     1.0433
    5443     5.5968     1.0683
    5446     5.5659     1.0932
    5449     5.5219     1.0587
    5452     5.5636     1.0799
    5455     5.6217     1.0525
    5458     5.6625     1.0975
    5461     5.6275     1.1099
    5464     5.5924     1.1222
    5467     5.6358     1.1099
    5470     5.6132     1.1236
    5473     5.5936     1.1059
    5476     5.5645     1.0883
    5479     5.5643     1.0982
    5482     5.5926     1.1081
    5485     5.5921     1.1117
    5488     5.6205     1.1112
    5491     5.6222     1.1198
    5494     5.6240     1.1284
    5497     5.6517     1.1371
    5500     5.5133     1.1059
    5503     5.5838     1.0747
    5506     5.6165     1.0964
    5509     5.6192     1.1181
    5512     5.5922     1.1280
    5515     5.5651     1.1380
    5518     5.5381     1.1479
    5521     5.5577     1.1579
    5524     5.5773     1.1678
    5527     5.5179     1.1778
    5530     5.6170     1.1877
    5533     5.6384     1.1947
    5536     5.6241     1.2098
    5539     5.6343     1.1711
    5542     5.5987     1.1623
    5545     5.6438     1.1489
    5548     5.5718     1.1354
    5551     5.5808     1.1220
    5554     5.5899     1.1086
    5557     5.6483     1.0951
    5560     5.6383     1.1696
    5563     5.5614     1.0442
    5566     5.6868     1.1005
    5569     5.6201     1.0379
    5572     5.6104     1.0542
    5575     5.7307     1.0786
    5578     5.6693     1.0600
    5581     5.6853     1.0613
    5584     5.7013     1.0626
    5587     5.6897     1.0426
    5590     5.6735     1.0226
    5593     5.6413     1.0026
    5596     5.5904     1.0759
    5599     5.6017     0.9837
    5602     5.6268     0.8914
    5605     5.6580     0.8977
    5608     5.5938     0.9040
    5611     5.6356     0.9010
    5614     5.6774     0.8979
    5617     5.7130     0.8948
    5620     5.6500     0.8917
    5623     5.6501     0.8886
    5626     5.7302     0.9148
    5629     5.7674     0.8999
    5632     5.6732     0.8956
    5635     5.7040     0.8913
    5638     5.6664     0.8927
    5641     5.6758     0.8572
    5644     5.6851     0.8844
    5647     5.7090     0.8653
    5650     5.7396     0.9116
    5653     5.7026     0.8567
    5656     5.7193     0.8587
    5659     5.7200     0.8637
    5662     5.6816     0.8310
    5665     5.6678     0.8372
    5668     5.7187     0.8750
    5671     5.7556     0.8773
    5674     5.7924     0.8611
    5677     5.7987     0.8148
    5680     5.7622     0.8766
    5683     5.7640     0.8782
    5686     5.8327     0.8557
    5689     5.7436        NaN
    5692     5.7149        NaN
    5695     5.7701        NaN
    5698     5.7767        NaN
    5701     5.7873        NaN
    5704     5.7978        NaN
    5707     5.7410        NaN
    5710     5.5809        NaN
    5713     5.7579        NaN
    5716     5.7696     0.9309
    5719     5.7145     0.8696
    5722     5.7272     0.9248
    5725     5.7505     0.9769
    5728     5.7773     0.9689
    5731     5.7863     0.9794
    5734     5.7954     0.9899
    5737     5.8531     0.9661
    5740     5.8186     0.9784
    5743     5.8757     1.0217
    5746     5.8362     0.9954
    5749     5.7701     0.9614
    5752     5.8042     1.0085
    5755     5.7025     0.9711
    5758     5.8656     1.0432
    5761     5.8143     1.0002
    5764     5.7629        NaN
    5767     5.7617        NaN
    5770     5.8716        NaN
    5773     5.8144        NaN
    5776     5.7680        NaN
    5779     5.8036        NaN
    5782     5.7690        NaN
    5785     5.7534        NaN
    5788     5.8328        NaN
    5791     5.8270        NaN
    5794     5.8213     1.0647
    5797     5.7594     1.0421
    5800     5.8785     1.1245
    5803     5.9116     1.1338
    5806     5.8206     1.1189
    5809     5.8407     1.1293
    5812     5.7343     1.1107
    5815     5.7650     1.1244
    5818     5.8177     1.1416
    5821     5.7939     1.1426
    5824     5.7700     1.1658
    5827     5.7876     1.1579
    5830     5.8209     1.1501
    5833     5.7594     1.1422
    5836     5.7822     1.1636
    5839     5.8339     1.1956
    5842     5.8139     1.1688
    5845     5.8001     1.1867
    5848     5.7603     1.2046
    5851     5.7908     1.2018
    5854     5.8213     1.1990
    5857     5.8544     1.1962
    5860     5.8427     1.1935
    5863     5.7366     1.1907
    5866     5.7968     1.1879
    5869     5.7982     1.1852
    5872     5.7205     1.1933
    5875     5.7221     1.2031
    5878     5.8855     1.2129
    5881     5.7445     1.1977
    5884     5.8100     1.2068
    5887     5.7057     1.2027
    5890     5.8130     1.2073
    5893     5.8716     1.1807
    5896     5.8525     1.2208
    5899     5.8164     1.1765
    5902     5.7882     1.1573
    5905     5.8137     1.2133
    5908     5.8298     1.2030
    5911     5.7792     1.2563
    5914     5.7286     1.2181
    5917     5.7673     1.1800
    5920     5.8639     1.1636
    5923     5.8028     1.1473
    5926     5.8316     1.1388
    5929     5.7775     1.1304
    5932     5.7337     1.1219
    5935     5.7650     1.1067
    5938     5.7568     1.0915
    5941     5.7912     1.1551
    5944     5.8257     1.2187
    5947     5.8140     1.1085
    5950     5.7684     1.1367
    5953     5.8070     1.1648
    5956     5.8370     1.1301
    5959     5.8293     1.1109
    5962     5.7463     1.0917
    5965     5.8578     1.0888
    5968     5.6844     1.0859
    5971     5.7437     1.0830
    5974     5.8030     1.0801
    5977     5.8623     1.0814
    5980     5.8632     1.0773
    5983     5.8517     1.0507
    5986     5.8310     1.0552
    5989     5.9184     1.0437
    5992     5.8999     1.0354
    5995     5.8488     0.9714
    5998     5.8517     0.9809
    6001     5.8545     0.9904
    6004     5.8574     0.9999
    6007     5.8603     1.0093
    6010     5.8631     1.0188
    6013     5.8682     1.0082
    6016     5.8816     1.0090
    6019     5.8454     1.0008
    6022     5.8605     0.9926
    6025     5.9369     0.9992
    6028     5.9048     0.9851
    6031     5.8894     1.0022
    6034     5.8739     1.0194
    6037     5.8894     0.9804
    6040     5.9248     1.0059
    6043     5.9283     1.0315
    6046     5.9045     1.0037
    6049     5.8334     0.9760
    6052     5.8674     0.9668
    6055     5.8395     0.9720
    6058     5.8044     1.0100
    6061     5.8156     0.9896
    6064     5.8268     0.9692
    6067     5.9553     1.0215
    6070     5.8821     1.0738
    6073     5.7513     1.0465
    6076     5.9106     1.0192
    6079     5.9065     1.0271
    6082     5.9186     1.0351
    6085     5.9344     1.0429
    6088     5.9032     1.0599
    6091     5.9035     1.0268
    6094     5.9038     1.0411
    6097     5.8664     1.0099
    6100     5.9396     1.0581
    6103     5.9110     1.0578
    6106     5.9524     1.0691
    6109     5.8751     1.0603
    6112     5.9244     1.0516
    6115     5.9120     1.0149
    6118     5.8480     1.0000
    6121     5.8965     0.9804
    6124     5.9450     1.0827
    6127     5.8883     1.0475
    6130     5.8968     1.0776
    6133     5.8454     1.1077
    6136     5.9574     1.1378
    6139     5.8802     1.1045
    6142     5.9122     1.0910
    6145     5.8908     1.0776
    6148     5.8671     1.0912
    6151     5.9330     1.0901
    6154     5.8676     1.0891
    6157     5.9380     1.0872
    6160     5.8747     1.0853
    6163     5.8678     1.0833
    6166     5.8729     1.0814
    6169     5.8484     1.0433
    6172     5.8047     1.0548
    6175     5.8546     1.0597
    6178     5.9414     1.0818
    6181     5.8743     1.1038
    6184     5.9129     1.1259
    6187     5.9097     1.1035
    6190     5.8538     1.0801
    6193     5.8957     1.0972
    6196     5.7977     1.1143
    6199     5.9624     1.1314
    6202     5.8757     1.0852
    6205     5.9653     1.1949
    6208     5.9137     1.1954
    6211     5.9294     1.1960
    6214     5.9452     1.1965
    6217     5.9572     1.1382
    6220     5.9204     1.1959
    6223     5.8973     1.2035
    6226     5.8367     1.2112
    6229     5.9080     1.1537
    6232     5.8866     1.1638
    6235     5.9655     1.1741
    6238     5.9610     1.1735
    6241     5.9204     1.1729
    6244     5.9084     1.1723
    6247     5.8381     1.1718
    6250     5.8580     1.1712
    6253     5.9819     1.1706
    6256     5.9692     1.2213
    6259     5.9442     1.1604
    6262     5.9503     1.1568
    6265     5.9389     1.2132
    6268     5.9593     1.2167
    6271     5.9691     1.2234
    6274     5.9790     1.2300
    6277     5.8925     1.2285
    6280     5.9708     1.2270
    6283     5.8444     1.2085
    6286     5.9334     1.1899
    6289     5.9375     1.1860
    6292     6.0465     1.2404
    6295     5.9539     1.2181
    6298     5.8812     1.2175
    6301     5.9329     1.2169
    6304     5.9846     1.2164
    6307     6.0440     1.2158
    6310     5.9541     1.1134
    6313     5.9828     1.1194
    6316     6.0781     1.1931
    6319     6.0504     1.1660
    6322     6.0631     1.1898
    6325     6.0813     1.2174
    6328     5.9249     1.2064
    6331     5.9875     1.1954
    6334     6.0502     1.1844
    6337     5.9736     1.1764
    6340     6.0336     1.0988
    6343     6.0732     1.1705
    6346     5.9990     1.1088
    6349     6.0392     1.1655
    6352     6.0204     1.1587
    6355     6.0728     1.1546
    6358     6.0623     1.1480
    6361     6.0722     1.1519
    6364     6.0822     1.1558
    6367     6.1526     1.1360
    6370     6.1023     1.1320
    6373     6.1252     1.0826
    6376     6.1304     1.1524
    6379     6.0744     1.0818
    6382     6.0252     1.0533
    6385     6.0499     1.1073
    6388     6.0929     1.1108
    6391     6.0983     1.1021
    6394     6.1037     1.0934
    6397     6.1769     1.0846
    6400     6.0903     1.0305
    6403     6.1049     1.0349
    6406     6.0842     1.0393
    6409     6.0989     1.0380
    6412     6.0866     1.0367
    6415     6.1249     1.0341
    6418     6.1215     1.0315
    6421     6.1318     1.0289
    6424     6.1420     1.0263
    6427     6.1366     1.0070
    6430     6.1058     0.9878
    6433     6.1641     0.9917
    6436     6.1366     0.9956
    6439     6.1430     1.0245
    6442     6.1411     1.0309
    6445     6.1247     1.0395
    6448     6.1366     1.0480
    6451     6.1155     1.0449
    6454     6.0944     1.0418
    6457     6.2180     1.1010
    6460     6.0799     1.0626
    6463     6.0565     1.0785
    6466     6.2320     1.1313
    6469     6.0848     1.0980
    6472     6.0823     1.0778
    6475     6.0856     1.0975
    6478     6.0874     1.0679
    6481     6.1139     1.0957
    6484     6.1403     1.1236
    6487     6.1494     1.1403
    6490     6.1312     1.0849
    6493     6.0763     1.0680
    6496     6.0828     1.1003
    6499     6.1554     1.1083
    6502     6.2084     1.1163
    6505     6.1559     1.1244
    6508     6.0582     1.1363
    6511     6.1001     1.1482
    6514     6.1419     1.1601
    6517     6.0662     1.1318
    6520     6.1217     1.1387
    6523     6.1243     1.1388
    6526     6.0698     1.1390
    6529     6.1575     1.1645
    6532     6.1020     1.2188
    6535     6.0706     1.1686
    6538     6.0536     1.1601
    6541     6.0687     1.1734
    6544     6.0837     1.1866
    6547     6.0359     1.2021
    6550     5.9798     1.2175
    6553     6.0593     1.2329
    6556     6.1052     1.2483
    6559     6.1186     1.2626
    6562     6.0905     1.1731
    6565     6.0865     1.2624
    6568     6.1684     1.2379
    6571     6.1088     1.1868
    6574     6.0493     1.1766
    6577     6.0984     1.1607
    6580     6.1179     1.1853
    6583     6.0748     1.2035
    6586     6.0877     1.2135
    6589     6.0514     1.2235
    6592     6.0596     1.1995
    6595     6.0726     1.1963
    6598     6.0982     1.1932
    6601     6.0173     1.1901
    6604     5.9364     1.1870
    6607     6.0645     1.1838
    6610     6.0947     1.1735
    6613     5.9932     1.2055
    6616     6.0975     1.2376
    6619     6.0618     1.1640
    6622     5.9771     1.1658
    6625     6.0366     1.1676
    6628     6.0507     1.1606
    6631     6.0307     1.1360
    6634     6.0107     1.1113
    6637     6.0431     1.0592
    6640     6.0595     1.1918
    6643     6.0440     1.1657
    6646     6.0172     1.1104
    6649     6.0724     1.1500
    6652     6.0823     1.1773
    6655     6.0978     1.1481
    6658     6.0440     1.1636
    6661     6.0501     1.1570
    6664     6.0562     1.1504
    6667     5.9910     1.1294
    6670     6.0123     1.1083
    6673     6.1031     1.1190
    6676     6.1205     1.1456
    6679     6.1140     1.1360
    6682     6.1448     1.1447
    6685     6.0941     1.1187
    6688     6.1455     1.1130
    6691     6.1252     1.1072
    6694     6.1049     1.1015
    6697     6.1312     1.0738
    6700     6.1267     1.1356
    6703     6.1652     1.1350
    6706     6.1330     1.1206
    6709     6.1559     1.1219
    6712     6.1821     1.1339
    6715     6.1460     1.1660
    6718     6.1639     1.1233
    6721     6.1469     1.1139
    6724     6.1299     1.1046
    6727     6.1561     1.1333
    6730     6.1793     1.1302
    6733     6.1572     1.1250
    6736     6.1254     1.1072
    6739     6.1160     1.0958
    6742     6.1381     1.1160
    6745     6.1254     1.0988
    6748     6.1392     1.0416
    6751     6.1284     1.0577
    6754     6.1176     1.0739
    6757     6.0144     1.0834
    6760     6.1486     1.0765
    6763     6.1333     1.0031
    6766     6.1610     1.0814
    6769     6.1221     1.0176
    6772     6.1230     1.0415
    6775     6.1931     1.0654
    6778     6.1824     1.1115
    6781     6.1717     1.1164
    6784     6.1611     1.1212
    6787     6.1504     1.1011
    6790     6.1397     1.0849
    6793     6.1785     1.0998
    6796     6.2409     1.1142
    6799     6.1709     1.0837
    6802     6.2281     1.1204
    6805     6.2221     1.0463
    6808     6.1479     1.0786
    6811     6.1781     1.0788
    6814     6.2083     1.0791
    6817     6.1465     1.1021
    6820     6.2079     1.1251
    6823     6.1958     1.1094
    6826     6.2214     1.1030
    6829     6.2171     1.1386
    6832     6.2004     1.1040
    6835     6.0971     1.0854
    6838     6.2777     1.1653
    6841     6.2191     1.1600
    6844     6.1605     1.1547
    6847     6.2470     1.1804
    6850     6.1816     1.1537
    6853     6.1278     1.1670
    6856     6.1371     1.1265
    6859     6.2002     1.1772
    6862     6.1424     1.1416
    6865     6.1900     1.1985
    6868     6.1366     1.1991
    6871     6.1703     1.1719
    6874     6.2041     1.2468
    6877     6.1155     1.2262
    6880     6.1860     1.2312
    6883     6.1575     1.1945
    6886     6.1550     1.2013
    6889     6.2059     1.2267
    6892     6.1606     1.2192
    6895     6.1329     1.2447
    6898     6.1242     1.2331
    6901     6.1560     1.2673
    6904     6.1878     1.3015
    6907     6.1536     1.2750
    6910     6.2078     1.2972
    6913     6.0908     1.3044
    6916     6.1133     1.3115
    6919     6.1918     1.3187
    6922     6.1061     1.2759
    6925     6.1538     1.3377
    6928     6.1861     1.3994
    6931     6.1704     1.3310
    6934     6.1775     1.3233
    6937     6.0557     1.3157
    6940     6.1041     1.3081
    6943     6.0353     1.3260
    6946     6.2245     1.3333
    6949     6.0569     1.3406
    6952     6.0762     1.3478
    6955     6.1348     1.3551
    6958     6.1563     1.3623
    6961     6.1407     1.3399
    6964     6.1151     1.3175
    6967     6.1632     1.3123
    6970     6.0782     1.3070
    6973     6.1659     1.3181
    6976     6.1230     1.3292
    6979     6.4230     1.3561
    6982     6.1484     1.3510
    6985     6.1396     1.3613
    6988     6.1524     1.3158
    6991     6.0725     1.3045
    6994     6.1087     1.3664
    6997     6.1528     1.3634
    7000     6.1586     1.3070
    7003     6.0624     1.3370
    7006     6.1772     1.3670
    7009     6.1053     1.3311
    7012     6.1573     1.3132
    7015     6.1497     1.3159
    7018     6.1429     1.3187
    7021     6.1707     1.3214
    7024     6.1986     1.3242
    7027     6.1531     1.2761
    7030     6.1244     1.3087
    7033     6.1645     1.2860
    7036     6.1384     1.2633
    7039     6.1204     1.2807
    7042     6.1989     1.2981
    7045     6.2290     1.3155
    7048     6.2046     1.2547
    7051     6.2112     1.2368
    7054     6.2178     1.2188
    7057     6.1860     1.2472
    7060     6.2308     1.2482
    7063     6.2145     1.2386
    7066     6.2352     1.2290
    7069     6.2131     1.2406
    7072     6.1915     1.2159
    7075     6.2148     1.1911
    7078     6.2216     1.1664
    7081     6.2301     1.1553
    7084     6.2386     1.1442
    7087     6.2394     1.1838
    7090     6.2464     1.2216
    7093     6.2286     1.1122
    7096     6.2704     1.1717
    7099     6.1945     1.1801
    7102     6.2714     1.1324
    7105     6.2015     1.1303
    7108     6.2428     1.2024
    7111     6.2840     1.2746
    7114     6.3253     1.3467
    7117     6.2984     1.3598
    7120     6.2619     1.3491
    7123     6.3014     1.3470
    7126     6.2777     1.3300
    7129     6.2461     1.3129
    7132     6.2631     1.3002
    7135     6.3029     1.2810
    7138     6.2610     1.2617
    7141     6.2817     1.3186
    7144     6.3024     1.3148
    7147     6.2519     1.2530
    7150     6.3172     1.2762
    7153     6.3180     1.2642
    7156     6.2766     1.2282
    7159     6.2111     1.2200
    7162     6.2817     1.2118
    7165     6.1740     1.2108
    7168     6.2086     1.2099
    7171     6.2578     1.2089
    7174     6.3069     1.2079
    7177     6.3282     1.2070
    7180     6.3042     1.1842
    7183     6.3778     1.2882
    7186     6.3238     1.2458
    7189     6.3811     1.3073
    7192     6.2847     1.2036
    7195     6.2556     1.2027
    7198     6.2504     1.2017
    7201     6.2123     1.2271
    7204     6.1742     1.2526
    7207     6.3710     1.2780
    7210     6.2616     1.2361
    7213     6.3399     1.1941
    7216     6.2958     1.2198
    7219     6.2647     1.2124
    7222     6.2961     1.2050
    7225     6.2697     1.1976
    7228     6.2791     1.1623
    7231     6.2693     1.1512
    7234     6.2596     1.1402
    7237     6.1892     1.1102
    7240     6.2520     1.1713
    7243     6.2732     1.1785
    7246     6.2738     1.1957
    7249     6.2648     1.1822
    7252     6.2832     1.2049
    7255     6.2789     1.1853
    7258     6.2915     1.2218
    7261     6.2805     1.2309
    7264     6.2694     1.2399
    7267     6.2225     1.2490
    7270     6.2289     1.2580
    7273     6.2517     1.2623
    7276     6.2399     1.3040
    7279     6.2326     1.3063
    7282     6.2039     1.2485
    7285     6.2738     1.3179
    7288     6.2162     1.2571
    7291     6.2336     1.2668
    7294     6.2511     1.2765
    7297     6.1928     1.2829
    7300     6.1757     1.2795
    7303     6.1009     1.2880
    7306     6.1272     1.2966
    7309     6.1761     1.3052
    7312     6.1692     1.3138
    7315     6.1343     1.3224
    7318     6.1765     1.3310
    7321     6.1620     1.3396
    7324     6.1278     1.3227
    7327     6.2521     1.3661
    7330     6.1610     1.3261
    7333     6.1982     1.3787
    7336     6.1761     1.3331
    7339     6.2173     1.3719
    7342     6.1929     1.3539
    7345     6.0770     1.3359
    7348     6.0494     1.3179
    7351     6.1283     1.3352
    7354     6.2071     1.3525
    7357     6.1426     1.3449
    7360     6.2472     1.3265
    7363     6.1745     1.3080
    7366     6.2169     1.3316
    7369     6.2149     1.3791
    7372     6.2121     1.3491
    7375     6.1978     1.3473
    7378     6.1791     1.3455
    7381     6.2048     1.3437
    7384     6.2306     1.3419
    7387     6.2914     1.3338
    7390     6.2379     1.3484
    7393     6.1497     1.3373
    7396     6.2062     1.3262
    7399     6.2305     1.3128
    7402     6.2088     1.3260
    7405     6.1976     1.3414
    7408     6.2737     1.3430
    7411     6.2808     1.3251
    7414     6.2880     1.3474
    7417     6.2795     1.2940
    7420     6.1823     1.2352
    7423     6.2437     1.2409
    7426     6.1824     1.2642
    7429     6.2281     1.2552
    7432     6.2407     1.2651
    7435     6.2489     1.2749
    7438     6.2615     1.2702
    7441     6.2713     1.2814
    7444     6.2810     1.2926
    7447     6.2697     1.2521
    7450     6.3148     1.3057
    7453     6.2919     1.2496
    7456     6.3236     1.2959
    7459     6.2563     1.2591
    7462     6.2515     1.2939
    7465     6.2468     1.2550
    7468     6.2669     1.2557
    7471     6.2815     1.1868
    7474     6.2961     1.2342
    7477     6.3243     1.2861
    7480     6.2859     1.2581
    7483     6.2333     1.2466
    7486     6.2859     1.2207
    7489     6.3252     1.2459
    7492     6.3343     1.2694
    7495     6.3090     1.2193
    7498     6.3060     1.2305
    7501     6.3083     1.2174
    7504     6.3106     1.2042
    7507     6.3612     1.2205
    7510     6.3230     1.2187
    7513     6.2775     1.1824
    7516     6.3313     1.2073
    7519     6.2520     1.1616
    7522     6.3574     1.1685
    7525     6.2971     1.1889
    7528     6.3415     1.2416
    7531     6.3064     1.2077
    7534     6.2713     1.1738
    7537     6.3600     1.1829
    7540     6.3372     1.2110
    7543     6.2618     1.1794
    7546     6.3686     1.1877
    7549     6.3220     1.1966
    7552     6.3300     1.2054
    7555     6.3615     1.2824
    7558     6.3258     1.2681
    7561     6.3301     1.2638
    7564     6.3343     1.2594
    7567     6.3202     1.2283
    7570     6.2971     1.2345
    7573     6.3790     1.3326
    7576     6.3625     1.3073
    7579     6.3325     1.2905
    7582     6.3556     1.3126
    7585     6.3033     1.3092
    7588     6.3587     1.2932
    7591     6.3619     1.2990
    7594     6.3651     1.3048
    7597     6.3072     1.3015
    7600     6.4019     1.3419
    7603     6.3264     1.3539
    7606     6.3180     1.3195
    7609     6.3491     1.3612
    7612     6.3235     1.3320
    7615     6.2626     1.3322
    7618     6.3164     1.3462
    7621     6.3473     1.3458
    7624     6.3782     1.3790
    7627     6.2819     1.3266
    7630     6.2875     1.3336
    7633     6.3267     1.3744
    7636     6.2989     1.3341
    7639     6.3220     1.3628
    7642     6.2703     1.3257
    7645     6.3457     1.3637
    7648     6.2610     1.3811
    7651     6.2727     1.3730
    7654     6.2845     1.3685
    7657     6.3231     1.3633
    7660     6.2514     1.3198
    7663     6.2426     1.3836
    7666     6.2334     1.3630
    7669     6.2731     1.3605
    7672     6.2663     1.3547
    7675     6.3136     1.3665
    7678     6.2847     1.3524
    7681     6.2724     1.3465
    7684     6.2389     1.3405
    7687     6.3348     1.4305
    7690     6.2554     1.3917
    7693     6.2626     1.3848
    7696     6.2981     1.3912
    7699     6.3320     1.3732
    7702     6.2651     1.3729
    7705     6.2525     1.3615
    7708     6.2505     1.3898
    7711     6.2465     1.3776
    7714     6.2426     1.3692
    7717     6.2850     1.3505
    7720     6.2496     1.3524
    7723     6.2546     1.3544
    7726     6.2244     1.3563
    7729     6.2937     1.3583
    7732     6.2061     1.3603
    7735     6.2588     1.3622
    7738     6.1939     1.3642
    7741     6.2034     1.3661
    7744     6.2129     1.3681
    7747     6.2428     1.3634
    7750     6.2728     1.3588
    7753     6.2729     1.3511
    7756     6.3235     1.3551
    7759     6.3124     1.3957
    7762     6.2902     1.3325
    7765     6.2652     1.3371
    7768     6.2913     1.3640
    7771     6.3118     1.3498
    7774     6.3322     1.3356
    7777     6.2991     1.3143
    7780     6.3040     1.3141
    7783     6.3412     1.3164
    7786     6.3035     1.2745
    7789     6.3162     1.2939
    7792     6.3298     1.3330
    7795     6.2941     1.3026
    7798     6.3225     1.3058
    7801     6.3246     1.2639
    7804     6.3266     1.3141
    7807     6.3349     1.3123
    7810     6.2934     1.2933
    7813     6.3889     1.3265
    7816     6.3403     1.3036
    7819     6.3728     1.3338
    7822     6.3591     1.3400
    7825     6.3582     1.3420
    7828     6.3357     1.3083
    7831     6.3355     1.3197
    7834     6.3352     1.3312
    7837     6.4302     1.3196
    7840     6.4277     1.3734
    7843     6.3810     1.3395
    7846     6.3892     1.3330
    7849     6.3726     1.3309
    7852     6.4079     1.3576
    7855     6.4053     1.3177
    7858     6.4095     1.3559
    7861     6.3753     1.3170
    7864     6.3410     1.2781
    7867     6.3879     1.3194
    7870     6.3557     1.3247
    7873     6.3823     1.3023
    7876     6.3783     1.3143
    7879     6.3704     1.3170
    7882     6.3872     1.3294
    7885     6.3231     1.2926
    7888     6.3993     1.3496
    7891     6.3937     1.3511
    7894     6.3880     1.3527
    7897     6.3724     1.3553
    7900     6.3953     1.3832
    7903     6.4125     1.4066
    7906     6.3805     1.4017
    7909     6.3594     1.3725
    7912     6.3336     1.3643
    7915     6.4189     1.4650
    7918     6.4426     1.4241
    7921     6.4235     1.4183
    7924     6.4044     1.4124
    7927     6.4084     1.4530
    7930     6.3596     1.3979
    7933     6.3281     1.3832
    7936     6.3658     1.4504
    7939     6.3929     1.4053
    7942     6.3467     1.4215
    7945     6.3441     1.3583
    7948     6.3970     1.4488
    7951     6.3856     1.4087
    7954     6.3742     1.3685
    7957     6.3258     1.3336
    7960     6.4037     1.4184
    7963     6.4024     1.4105
    7966     6.3766     1.3876
    7969     6.3757     1.3859
    7972     6.3747     1.3841
    7975     6.3738     1.3824
    7978     6.3729     1.3807
    7981     6.3720     1.3789
    7984     6.3710     1.3772
    7987     6.3701     1.3755
    7990     6.3692     1.3737
    7993     6.3683     1.3720
    7996     6.3674     1.3703
    7999     6.3664     1.3685
    8002     6.3655     1.3668
    8005     6.3646     1.3651
    8008     6.3637     1.3633
    8011     6.3627     1.3616
    8014     6.3618     1.3598
    8017     6.3609     1.3581
    8020     6.3600     1.3564
