;Corrections to calculate VIRGO TSI from PMO6V or DIARAD level-1 data
;   values after Mission Day 7763 are extrapolated until 7789 (29:03:2017)
;   Mission Day 31.0 corresponds to 1 January 1996, 00 UTC
;   file written: Sun Feb 05 17:01:55 2017
;Algorism: VIRGO_TSI=(Rad_level_1+CorRad)*ratio_vir2Rad with Rad=PMO6V or DIARAD
;    CorRad is from table below and should be interpolated to MDay of Rad_level_1
;    if only PMO6V or DIARAD level2 are needed, no multiplication by ratio_vir2rad is needed
1.00031745 ;ratio_vir2PMO6V (f10.8)
0.99968378 ;ratio_vir2DIARAD (f10.8)
;Colums:  MissionDay, Cor_PMO6V and Cor_DIARAD formated as (i8,2f11.4)
      58    -0.4289     1.8924
      61    -0.5136     1.0088
      64    -0.5169     0.3987
      67    -0.5617     0.0623
      70    -0.5675    -0.0024
      73    -0.5200    -0.0343
      76    -0.4724    -0.0558
      79    -0.4249    -0.0368
      82    -0.3774    -0.0408
      85    -0.3299    -0.0246
      88    -0.3417    -0.0455
      91    -0.2873    -0.0327
      94    -0.2418    -0.0198
      97    -0.2759    -0.0310
     100    -0.3101    -0.0422
     103    -0.3442    -0.0535
     106    -0.3183    -0.0399
     109    -0.2925    -0.0264
     112    -0.2463    -0.0220
     115    -0.3945    -0.0396
     118    -0.2729    -0.0749
     121    -0.1514    -0.0505
     124    -0.1749    -0.0876
     127    -0.1984    -0.0397
     130    -0.2219    -0.0774
     133    -0.2174    -0.0562
     136    -0.2355    -0.0301
     139    -0.2536    -0.0552
     142    -0.2262    -0.0596
     145    -0.1987    -0.0458
     148    -0.1368    -0.0632
     151    -0.1581    -0.0503
     154    -0.1555    -0.0600
     157    -0.2191    -0.0855
     160    -0.1163    -0.0876
     163    -0.2100    -0.0504
     166    -0.1916    -0.0664
     169    -0.1731    -0.0824
     172    -0.0392    -0.0431
     175    -0.3271    -0.0439
     178    -0.0496    -0.0422
     181     0.0158    -0.0356
     184    -0.0441    -0.0771
     187    -0.0378    -0.0428
     190    -0.0315    -0.0837
     193     0.0037    -0.0612
     196     0.0303    -0.0599
     199     0.0352    -0.1127
     202     0.0515    -0.0763
     205     0.1196    -0.0207
     208     0.1083    -0.0573
     211     0.1437    -0.0350
     214     0.1218    -0.0834
     217     0.1927    -0.0620
     220     0.1380    -0.0787
     223     0.1465    -0.0454
     226     0.2133    -0.0225
     229     0.2159    -0.0502
     232     0.2375    -0.0325
     235     0.2148    -0.0512
     238     0.1930    -0.0508
     241     0.2608    -0.0539
     244     0.2646    -0.0362
     247     0.2817    -0.0592
     250     0.2988    -0.0511
     253     0.2931    -0.0399
     256     0.3487    -0.0286
     259     0.3190    -0.0199
     262     0.3141    -0.0200
     265     0.3843    -0.0146
     268     0.3685    -0.0124
     271     0.4176     0.0104
     274     0.3847    -0.0305
     277     0.3346    -0.0538
     280     0.3655    -0.0366
     283     0.3964     0.0257
     286     0.4274     0.0881
     289     0.4583     0.1504
     292     0.4684     0.2128
     295     0.4967     0.1459
     298     0.5002     0.0556
     301     0.5123    -0.0430
     304     0.4938    -0.1249
     307     0.5183    -0.1737
     310     0.5131    -0.2226
     313     0.5395    -0.3051
     316     0.5259    -0.3992
     319     0.5124    -0.4047
     322     0.6095    -0.3911
     325     0.6096     0.3372
     328     0.5275     0.2902
     331     0.5291     0.1922
     334     0.5827     0.1870
     337     0.6011     0.1540
     340     0.6292     0.1679
     343     0.6739     0.1184
     346     0.6853     0.1063
     349     0.6967     0.1213
     352     0.6361     0.0572
     355     0.6755     0.0424
     358     0.6174     0.0602
     361     0.7219     0.0209
     364     0.7619     0.0170
     367     0.7471     0.0064
     370     0.7322    -0.0179
     373     0.6891    -0.1020
     376     0.7558    -0.0531
     379     0.7133    -0.0959
     382     0.7399    -0.0427
     385     0.6904    -0.1231
     388     0.7307    -0.0989
     391     0.7217    -0.1349
     394     0.7216    -0.1423
     397     0.8032    -0.1069
     400     0.7508    -0.1562
     403     0.7976    -0.1068
     406     0.8334    -0.1378
     409     0.8401    -0.1236
     412     0.8443    -0.1632
     415     0.8179    -0.1578
     418     0.7976    -0.1126
     421     0.7500    -0.1478
     424     0.8166    -0.1443
     427     0.8518    -0.1105
     430     0.8870    -0.0767
     433     0.8437    -0.1240
     436     0.8222    -0.1426
     439     0.8906    -0.1516
     442     0.7723    -0.1292
     445     0.8242    -0.1469
     448     0.8761    -0.1682
     451     0.8756    -0.1453
     454     0.8900    -0.1851
     457     0.9955    -0.1581
     460     0.9000    -0.2030
     463     0.8973    -0.1783
     466     0.8568    -0.2144
     469     0.9040    -0.1963
     472     0.9086    -0.1798
     475     0.9131    -0.1839
     478     0.9177    -0.2113
     481     0.9308    -0.1736
     484     0.9440    -0.2583
     487     0.9623    -0.2203
     490     0.9806    -0.1823
     493     0.9609    -0.2549
     496     0.9802    -0.2038
     499     0.9651    -0.2315
     502     0.9835    -0.2746
     505     1.0020    -0.2477
     508     1.0210    -0.2308
     511     1.0029    -0.2590
     514     0.9849    -0.2403
     517     0.9843    -0.2758
     520     0.9837    -0.2464
     523     0.9831    -0.2465
     526     1.0218    -0.2467
     529     1.0605    -0.2468
     532     1.0515    -0.2997
     535     1.0426    -0.2808
     538     1.0336    -0.2618
     541     1.0920    -0.2842
     544     1.0699    -0.2691
     547     1.0736    -0.2665
     550     1.0772    -0.2639
     553     1.0591    -0.2952
     556     1.0634    -0.2837
     559     1.0940    -0.2712
     562     1.0972    -0.2776
     565     1.1004    -0.2841
     568     1.0787    -0.2946
     571     1.1344    -0.3037
     574     1.0923    -0.2837
     577     1.0982    -0.2781
     580     1.1040    -0.3009
     583     1.1099    -0.3042
     586     1.1053    -0.2629
     589     1.1281    -0.3067
     592     1.1187    -0.3039
     595     1.1399    -0.3059
     598     1.1612    -0.2932
     601     1.0172    -0.3186
     604     1.1714    -0.3110
     607     1.1648    -0.2906
     610     1.1581    -0.2703
     613     1.1303    -0.2750
     616     1.1084    -0.2935
     619     1.1538    -0.2822
     622     1.1903    -0.3140
     625     1.1121    -0.3306
     628     1.2150    -0.2801
     631     1.2520    -0.1863
     634     1.1486    -0.3143
     637     1.1438    -0.2841
     640     1.1391    -0.3036
     643     1.2301    -0.3057
     646     1.2404    -0.3074
     649     1.2094    -0.2991
     652     1.2252    -0.3300
     655     1.2410    -0.3217
     658     1.2568    -0.2741
     661     1.1998    -0.2559
     664     1.0566    -0.3296
     667     1.1076    -0.3137
     670     1.1585    -0.2978
     673     1.2095    -0.2843
     676     1.2650    -0.2719
     679     1.2280    -0.2858
     682     1.2069    -0.2792
     685     1.2348    -0.2563
     688     1.2627    -0.3038
     691     1.2439    -0.2305
     694     1.3273    -0.2651
     697     1.2258    -0.2933
     700     1.2449    -0.3131
     703     1.2640    -0.2428
     706     1.2828    -0.2173
     709     1.3016    -0.2443
     712     1.3693    -0.2635
     715     1.4098    -0.2028
     718     1.3501    -0.2506
     721     1.3686    -0.2164
     724     1.3871    -0.2231
     727     1.3849    -0.2090
     730     1.3826    -0.2344
     733     1.3804    -0.2898
     736     1.4000    -0.2373
     739     1.4928    -0.2454
     742     1.4989    -0.2306
     745     1.4263    -0.2689
     748     1.4761    -0.2221
     751     1.4556    -0.2295
     754     1.5055    -0.2576
     757     1.4884    -0.2448
     760     1.5043    -0.1884
     763     1.4818    -0.2267
     766     1.4650    -0.2217
     769     1.5521    -0.2605
     772     1.5566    -0.2386
     775     1.6229    -0.2299
     778     1.6681    -0.1945
     781     1.6058    -0.2147
     784     1.6234    -0.2138
     787     1.6467    -0.2094
     790     1.6700    -0.2050
     793     1.6445    -0.2256
     796     1.6728    -0.2518
     799     1.6818    -0.2355
     802     1.7285    -0.2174
     805     1.7320    -0.2089
     808     1.6729    -0.2678
     811     1.7111    -0.2586
     814     1.7493    -0.2493
     817     1.7622    -0.2246
     820     1.7751    -0.2812
     823     1.7738    -0.2773
     826     1.7725    -0.2734
     829     1.7712    -0.2695
     832     1.7889    -0.2447
     835     1.7941    -0.2245
     838     1.8195    -0.2631
     841     1.8136    -0.2666
     844     1.8078    -0.2700
     847     1.8019    -0.2758
     850     1.7960    -0.2816
     853     1.8632    -0.3002
     856     1.9103    -0.2616
     859     1.8818    -0.3090
     862     1.9186    -0.2693
     865     1.9555    -0.2371
     868     2.0008    -0.2670
     871     1.9415    -0.2884
     874     1.8822    -0.3098
     877     1.9042    -0.2935
     880     2.0270    -0.2627
     883     2.0012    -0.2807
     886     1.9753    -0.2770
     889     2.0186    -0.3194
     892     2.0012    -0.2985
     895     1.9838    -0.3071
     898     2.0273    -0.3236
     901     2.0173    -0.2852
     904     2.0074    -0.3400
     907     2.1286    -0.2658
     910     2.1792    -0.2745
     913     2.0732    -0.3250
     916     2.0989    -0.3372
     919     2.2012    -0.3204
     922     2.1463    -0.2982
     925     2.0915    -0.3608
     928     2.0303    -0.3569
     931     2.1121    -0.3439
     934     2.1939    -0.2868
     937        NaN        NaN
     940        NaN        NaN
     943        NaN        NaN
     946        NaN        NaN
     949        NaN        NaN
     952        NaN        NaN
     955        NaN        NaN
     958        NaN        NaN
     961        NaN        NaN
     964        NaN        NaN
     967        NaN        NaN
     970        NaN        NaN
     973        NaN        NaN
     976        NaN        NaN
     979        NaN        NaN
     982        NaN        NaN
     985        NaN        NaN
     988        NaN        NaN
     991        NaN        NaN
     994        NaN        NaN
     997        NaN        NaN
    1000        NaN        NaN
    1003        NaN        NaN
    1006        NaN        NaN
    1009        NaN        NaN
    1012        NaN        NaN
    1015        NaN        NaN
    1018        NaN        NaN
    1021        NaN        NaN
    1024        NaN        NaN
    1027        NaN        NaN
    1030        NaN        NaN
    1033        NaN        NaN
    1036        NaN        NaN
    1039        NaN        NaN
    1042        NaN        NaN
    1045     2.1989     0.8363
    1048     2.1300     0.8204
    1051     2.1469     0.8089
    1054     2.1639     0.0464
    1057     2.1483     0.0242
    1060     2.1134     0.0452
    1063     2.1543     0.0117
    1066     2.2063     0.0480
    1069     2.1426     0.0194
    1072     2.1408     0.0500
    1075     2.1390     0.1049
    1078     2.2056     0.0384
    1081     2.1639     0.0218
    1084     2.1223     0.0052
    1087     2.1946     0.0469
    1090     2.2368     0.0559
    1093     2.2216     0.0199
    1096     2.1903     0.0603
    1099     2.1297     0.0820
    1102     2.2577     0.0302
    1105     2.2112     0.0250
    1108     2.2762     0.0844
    1111        NaN        NaN
    1114        NaN        NaN
    1117        NaN        NaN
    1120        NaN        NaN
    1123        NaN        NaN
    1126        NaN        NaN
    1129        NaN        NaN
    1132        NaN        NaN
    1135        NaN        NaN
    1138        NaN        NaN
    1141        NaN        NaN
    1144        NaN        NaN
    1147        NaN        NaN
    1150        NaN        NaN
    1153        NaN        NaN
    1156        NaN        NaN
    1159        NaN        NaN
    1162        NaN     0.0518
    1165     2.4150     0.0457
    1168     2.3776     0.0391
    1171     2.3959     0.0492
    1174     2.4142     0.0593
    1177     2.4325     0.0694
    1180     2.4394     0.0804
    1183     2.5390     0.0761
    1186     2.4462     0.0321
    1189     2.4893     0.0802
    1192     2.4922     0.0938
    1195     2.5602     0.1097
    1198     2.5162     0.1024
    1201     2.5388     0.1013
    1204     2.5614     0.1002
    1207     2.4845     0.0863
    1210     2.5234     0.0799
    1213     2.5346     0.1171
    1216     2.5458     0.0998
    1219     2.5312     0.0512
    1222     2.5513     0.1095
    1225     2.5714     0.1222
    1228     2.6277     0.0848
    1231     2.6034     0.0738
    1234     2.5791     0.0814
    1237     2.6068     0.1035
    1240     2.5939     0.0995
    1243     2.6580     0.0825
    1246     2.6541     0.0685
    1249     2.6793     0.1280
    1252     2.5947     0.1264
    1255     2.6719     0.1058
    1258     2.6579     0.0968
    1261     2.6883     0.1230
    1264     2.7186     0.1367
    1267     2.7269     0.1333
    1270     2.7534     0.1610
    1273     2.7538     0.1019
    1276     2.7542     0.1388
    1279     2.8136     0.1833
    1282     2.8021     0.1194
    1285     2.7906     0.1252
    1288     2.7392     0.1193
    1291     2.7480     0.1188
    1294     2.7567     0.1182
    1297     2.7255     0.1165
    1300     2.7910     0.1213
    1303     2.7757     0.1359
    1306     2.7604     0.1268
    1309     2.8353     0.1270
    1312     2.8248     0.1832
    1315     2.8142     0.1458
    1318     2.7882     0.1415
    1321     2.7989     0.1467
    1324     2.8096     0.1519
    1327     2.8294     0.1848
    1330     2.8314     0.1611
    1333     2.9397     0.2141
    1336     2.8307     0.1626
    1339     2.8711     0.1091
    1342     2.8883     0.1937
    1345     2.9056     0.1554
    1348     2.9148     0.1778
    1351     2.9090     0.1572
    1354     2.9032     0.1382
    1357     2.9439     0.2018
    1360     2.9297     0.1836
    1363     2.9382     0.1768
    1366     2.8741     0.1716
    1369     2.9299     0.1869
    1372     2.9642     0.1880
    1375     2.9051     0.2117
    1378     2.9679     0.1933
    1381     2.9937     0.1607
    1384     3.0195     0.2078
    1387     2.9440     0.1311
    1390     2.9940     0.1648
    1393     2.9777     0.1225
    1396     2.9614     0.1586
    1399     2.9983     0.1665
    1402     2.9243     0.1577
    1405     3.0483     0.1771
    1408     3.0011     0.1463
    1411     2.9837     0.1349
    1414     2.9663     0.1235
    1417     2.9923     0.1423
    1420     3.0510     0.1435
    1423     2.9290     0.1026
    1426     3.0796     0.1806
    1429     3.0651     0.1558
    1432     2.9785     0.1469
    1435     3.0652     0.1691
    1438     3.0547     0.1967
    1441     3.0451     0.1587
    1444     3.0355     0.1206
    1447     3.0670     0.1415
    1450     3.1312     0.1864
    1453     3.1439     0.2001
    1456     3.1263     0.1295
    1459     3.1133        NaN
    1462     3.1003        NaN
    1465     3.0874        NaN
    1468     3.1470        NaN
    1471     3.1001        NaN
    1474     3.0532        NaN
    1477     3.1491        NaN
    1480     3.1274        NaN
    1483     3.1377        NaN
    1486     3.2581        NaN
    1489     3.1545        NaN
    1492     3.2395        NaN
    1495     3.2712     0.1821
    1498     3.2838     0.1304
    1501     3.2964     0.0788
    1504     3.3090     0.1711
    1507     3.2462     0.0850
    1510     3.2017     0.1052
    1513     3.2019     0.0866
    1516     3.2432     0.0716
    1519     3.2981     0.1318
    1522     3.1946     0.1150
    1525     3.3225     0.1192
    1528     3.2722     0.1030
    1531     3.2753     0.0930
    1534     3.2784     0.0829
    1537     3.2988     0.0839
    1540     3.2925     0.0591
    1543     3.2933     0.0952
    1546     3.2942     0.0753
    1549     3.3399     0.0498
    1552     3.3736     0.1111
    1555     3.3177     0.0749
    1558     3.3664     0.0830
    1561     3.3550     0.0740
    1564     3.3436     0.0650
    1567     3.3695     0.0700
    1570     3.3676     0.0907
    1573     3.3826     0.1394
    1576     3.3977     0.0818
    1579     3.4083     0.0995
    1582     3.4352     0.0569
    1585     3.4621     0.1090
    1588     3.3968     0.0848
    1591     3.4466     0.0710
    1594     3.4964     0.1106
    1597     3.4145     0.0756
    1600     3.3658     0.1171
    1603     3.3834     0.0573
    1606     3.4368     0.0496
    1609     3.4024     0.0848
    1612     3.4246     0.0978
    1615     3.4886     0.0894
    1618     3.4908     0.1001
    1621     3.5298     0.1219
    1624     3.5689     0.1436
    1627     3.4861     0.0634
    1630     3.4523     0.0595
    1633     3.4938     0.1440
    1636     3.5352     0.1153
    1639     3.5542     0.1414
    1642     3.5775     0.1067
    1645     3.5386     0.1016
    1648     3.5318     0.1165
    1651     3.5530     0.1203
    1654     3.5742     0.1240
    1657     3.6770     0.1315
    1660     3.5365     0.1451
    1663     3.5944     0.1138
    1666     3.6078     0.1093
    1669     3.6542     0.1595
    1672     3.6244     0.1451
    1675     3.5945     0.0982
    1678     3.6498     0.1039
    1681     3.6315     0.1518
    1684     3.6132     0.1392
    1687     3.9439     0.1000
    1690     3.7047     0.1680
    1693     3.6730     0.1175
    1696     3.6414     0.1611
    1699     3.7512     0.1757
    1702     3.6574     0.1256
    1705     3.6995     0.1210
    1708     3.6256     0.1130
    1711     3.6527     0.1558
    1714     3.6798     0.1261
    1717     3.7401     0.1309
    1720     3.6853     0.1033
    1723     3.7154     0.1082
    1726     3.7110     0.1028
    1729     3.6614     0.0825
    1732     3.5785     0.0911
    1735     3.6700     0.0438
    1738     3.6634     0.0441
    1741     3.7372     0.1316
    1744     3.7436     0.0888
    1747     3.7208     0.0833
    1750     3.7289     0.0959
    1753     3.6843     0.0314
    1756     3.6757     0.0737
    1759     3.8127     0.1190
    1762     3.7748     0.1317
    1765     3.7370     0.0812
    1768     3.6706     0.0837
    1771     3.6991     0.0441
    1774     3.7277     0.0324
    1777     3.7042     0.0289
    1780     3.7677     0.0222
    1783     3.7587     0.0117
    1786     3.7498     0.0729
    1789     3.7241     0.0494
    1792     3.7465     0.0218
    1795     3.7689     0.0192
    1798     3.8153     0.0165
    1801     3.7900    -0.0050
    1804     3.7646    -0.0266
    1807     3.8817     0.0477
    1810     3.8211    -0.0268
    1813     3.8722     0.0429
    1816     3.8262    -0.0648
    1819     3.7791    -0.0617
    1822     3.7537    -0.0146
    1825     3.7857    -0.0176
    1828     3.8177    -0.0205
    1831     3.8498    -0.0260
    1834     3.8818    -0.0315
    1837     3.8454    -0.0711
    1840     3.8745    -0.0209
    1843     3.8557    -0.0415
    1846     3.8369    -0.0873
    1849     3.8120    -0.0839
    1852     3.8148    -0.0644
    1855     3.8176    -0.1199
    1858     3.8829    -0.0534
    1861     3.8497    -0.1119
    1864     3.8165    -0.0925
    1867     3.8602    -0.0866
    1870     3.9170    -0.0851
    1873     3.9737    -0.0872
    1876     3.8364    -0.0892
    1879     3.9482    -0.1420
    1882     3.8678    -0.1681
    1885     3.9006    -0.1494
    1888     3.9167    -0.1437
    1891     3.9029    -0.1332
    1894     3.9206    -0.1227
    1897     3.9014    -0.1285
    1900     3.8981    -0.1138
    1903     3.9124    -0.1314
    1906     3.8889    -0.1391
    1909     3.9656    -0.0877
    1912     3.9672    -0.0964
    1915     3.9399    -0.1611
    1918     4.0132    -0.0706
    1921     4.0027    -0.0567
    1924     3.9923    -0.0427
    1927     3.9431    -0.1307
    1930     3.9281    -0.0783
    1933     3.9638    -0.1179
    1936     3.9995    -0.1404
    1939     4.0309    -0.0640
    1942     3.9860    -0.1015
    1945     3.9738    -0.1046
    1948     4.0116    -0.0799
    1951     3.9872    -0.1035
    1954     3.9627    -0.0665
    1957     4.0520    -0.0611
    1960     4.0232    -0.0996
    1963     4.0349    -0.0870
    1966     4.0465    -0.0843
    1969     4.0786    -0.0612
    1972     4.0799    -0.0807
    1975     4.0811    -0.0413
    1978     4.0831    -0.0262
    1981     4.0493    -0.0049
    1984     4.0154    -0.0142
    1987     4.0569    -0.0925
    1990     4.0886     0.0117
    1993     4.0891     0.0370
    1996     4.0895     0.0021
    1999     4.0213    -0.0451
    2002     4.0390     0.0301
    2005     4.0567    -0.0301
    2008     4.0627    -0.0128
    2011     4.0923    -0.0079
    2014     4.1219    -0.0180
    2017     4.1544     0.0575
    2020     4.1271     0.0390
    2023     4.1403     0.0029
    2026     4.1534     0.0446
    2029     4.1325     0.0589
    2032     4.0877     0.0271
    2035     4.1183     0.0300
    2038     4.1678     0.0581
    2041     4.1525     0.0550
    2044     4.1372     0.0518
    2047     4.1798     0.0762
    2050     4.1904     0.0612
    2053     4.1290     0.0032
    2056     4.1727     0.0074
    2059     4.2211     0.0461
    2062     4.1003    -0.0028
    2065     4.2339     0.0472
    2068     4.2288     0.0341
    2071     4.2319     0.0211
    2074     4.2349     0.0822
    2077     4.1206    -0.0222
    2080     4.2030     0.0379
    2083     4.1290     0.0011
    2086     4.1196    -0.0500
    2089     4.2263     0.0100
    2092     4.2247    -0.0108
    2095     4.2231     0.0216
    2098     4.1500    -0.0472
    2101     4.1142    -0.0612
    2104     4.0784    -0.0752
    2107     4.1522    -0.0576
    2110     4.2125     0.0093
    2113     4.1669    -0.0864
    2116     4.1660    -0.0695
    2119     4.1948    -0.0645
    2122     4.2006    -0.0498
    2125     4.2065    -0.0661
    2128     4.1789    -0.0660
    2131     4.1840    -0.0943
    2134     4.2072    -0.1226
    2137     4.1905    -0.1069
    2140     4.1997    -0.1013
    2143     4.2202    -0.0943
    2146     4.2950    -0.1458
    2149     4.2298    -0.0984
    2152     4.2003    -0.0478
    2155     4.1709    -0.1423
    2158     4.1826    -0.1321
    2161     4.1814    -0.0972
    2164     4.1802    -0.1127
    2167     4.0981    -0.1241
    2170     4.2133    -0.1354
    2173     4.2411    -0.1163
    2176     4.1979    -0.1457
    2179     4.1991    -0.1268
    2182     4.2116    -0.1059
    2185     4.2240    -0.1196
    2188     4.2160    -0.1194
    2191     4.2571    -0.1005
    2194     4.2982    -0.0814
    2197     4.2970    -0.0807
    2200     4.2074    -0.1389
    2203     4.3231    -0.0734
    2206     4.2205    -0.0989
    2209     4.2475    -0.1177
    2212     4.3056    -0.1024
    2215     4.2966    -0.0740
    2218     4.3055    -0.0814
    2221     4.3131    -0.0849
    2224     4.3206    -0.0883
    2227     4.2218    -0.0950
    2230     4.2768    -0.1102
    2233     4.2773    -0.0537
    2236     4.2748    -0.0605
    2239     4.2349    -0.0948
    2242     4.3062    -0.1104
    2245     4.2520    -0.1098
    2248     4.2823    -0.0897
    2251     4.2510    -0.1013
    2254     4.2197    -0.1129
    2257     4.2435    -0.0679
    2260     4.2672    -0.0228
    2263     4.2909     0.0223
    2266     4.3146     0.0072
    2269     4.2472    -0.1230
    2272     4.3880    -0.0695
    2275     4.3756    -0.0892
    2278     4.3420    -0.1780
    2281     4.3357    -0.1926
    2284     4.3295    -0.2072
    2287     4.3068    -0.2262
    2290     4.3674    -0.2519
    2293     4.3707    -0.2287
    2296     4.3739    -0.2388
    2299     4.3688    -0.2697
    2302     4.3550    -0.6849
    2305     4.3444    -0.7214
    2308     4.2835    -0.0177
    2311     4.3308    -0.0278
    2314     4.3780     0.2633
    2317     4.3865     0.2520
    2320     4.3712     0.2792
    2323     4.3973     0.1898
    2326     4.4233     0.2250
    2329     4.3704     0.2456
    2332     4.3398     0.2096
    2335     4.3092     0.2298
    2338     4.3718     0.2150
    2341     4.3703     0.2295
    2344     4.3688     0.2549
    2347     4.3888     0.2444
    2350     4.4004     0.1986
    2353     4.3990     0.2378
    2356     4.3975     0.2254
    2359     4.3778     0.2098
    2362     4.3602     0.2535
    2365     4.3426     0.2119
    2368     4.3647     0.2434
    2371     4.3615     0.2483
    2374     4.3583     0.2531
    2377     4.3727     0.2363
    2380     4.3264     0.2196
    2383     4.3311     0.2471
    2386     4.3358     0.2154
    2389     4.4025     0.2292
    2392     4.4558     0.2037
    2395     4.3723     0.2470
    2398     4.3894     0.2218
    2401     4.3811     0.2465
    2404     4.3728     0.2056
    2407     4.3868     0.2370
    2410     4.3316     0.1844
    2413     4.3051     0.1746
    2416     4.3829     0.2078
    2419     4.3786     0.1477
    2422     4.3679     0.1871
    2425     4.3573     0.1740
    2428     4.3819     0.1632
    2431     4.4109     0.1705
    2434     4.4399     0.1777
    2437     4.3425     0.0706
    2440     4.4459     0.1318
    2443     4.4321     0.1889
    2446     4.3667     0.1606
    2449     4.3638     0.1323
    2452     4.4375     0.1478
    2455     4.3910     0.1073
    2458     4.4327     0.2000
    2461     4.4227     0.1877
    2464     4.4127     0.1753
    2467     4.4329     0.1630
    2470     4.4382     0.1098
    2473     4.3742     0.1107
    2476     4.3735     0.1444
    2479     4.4050     0.1720
    2482     4.4496     0.1850
    2485     4.4941     0.1980
    2488     4.4617     0.1462
    2491     4.4328     0.1268
    2494     4.4039     0.1009
    2497     4.4898     0.1211
    2500     4.3774     0.1414
    2503     4.3668     0.0720
    2506     4.3561     0.1249
    2509     4.3485     0.0846
    2512     4.3955     0.0840
    2515     4.4425     0.1115
    2518     4.4661     0.0902
    2521     4.4410     0.1159
    2524     4.4158     0.1048
    2527     4.3880     0.0909
    2530     4.4257     0.0609
    2533     4.4339     0.1276
    2536     4.3720     0.1107
    2539     4.4363     0.1242
    2542     4.4451     0.1453
    2545     4.4539     0.1105
    2548     4.4742     0.1118
    2551     4.3463     0.1343
    2554     4.4488     0.0921
    2557     4.4482     0.1295
    2560     4.4998     0.1145
    2563     4.5088     0.1688
    2566     4.5031     0.1290
    2569     4.4345     0.1169
    2572     4.5004     0.1386
    2575     4.4889     0.1407
    2578     4.4759     0.1293
    2581     4.4540     0.1264
    2584     4.4322     0.1234
    2587     4.4795     0.1339
    2590     4.3988     0.1134
    2593     4.4734     0.1236
    2596     4.5445     0.1323
    2599     4.5128     0.1409
    2602     4.4671     0.1139
    2605     4.4916     0.0868
    2608     4.5227     0.0863
    2611     4.4936     0.0857
    2614     4.4800     0.0834
    2617     4.4316     0.0577
    2620     4.4717     0.0510
    2623     4.5119     0.0444
    2626     4.5118     0.1282
    2629     4.5170     0.1073
    2632     4.4736     0.0863
    2635     4.5240     0.1129
    2638     4.5372     0.0709
    2641     4.5436     0.0766
    2644     4.5500     0.0822
    2647     4.5151     0.0735
    2650     4.5028     0.0649
    2653     4.4842     0.0734
    2656     4.5101     0.0229
    2659     4.5277     0.0600
    2662     4.5573     0.0788
    2665     4.4600     0.0616
    2668     4.5408     0.0581
    2671     4.5536     0.0692
    2674     4.5665     0.0803
    2677     4.5442     0.0469
    2680     4.6110     0.1044
    2683     4.6280     0.0793
    2686     4.4690     0.0596
    2689     4.5624     0.0959
    2692     4.5698     0.0788
    2695     4.5650     0.0489
    2698     4.6234     0.0550
    2701     4.6480     0.0611
    2704     4.6726     0.0672
    2707     4.5103     0.0656
    2710     4.6307     0.0550
    2713     4.6075     0.0822
    2716     4.7206     0.0965
    2719     4.6055     0.0687
    2722     4.6944     0.1180
    2725     4.5937     0.0625
    2728     4.6574     0.0755
    2731     4.6799     0.0884
    2734     4.7024     0.1014
    2737     4.5967     0.0618
    2740     4.5688     0.0735
    2743     4.5689     0.0433
    2746     4.5972     0.0754
    2749     4.6104     0.0668
    2752     4.6230     0.1143
    2755     4.5818     0.0533
    2758     4.6414     0.0741
    2761     4.6615     0.0752
    2764     4.6815     0.0764
    2767     4.6740     0.0776
    2770     4.6666     0.0787
    2773     4.6591     0.0799
    2776     4.6517     0.0810
    2779     4.6442     0.0822
    2782     4.6594     0.0833
    2785     4.6231     0.0375
    2788     4.6622     0.0810
    2791     4.6635     0.0498
    2794     4.6648     0.0767
    2797     4.6938     0.0979
    2800     4.7014     0.1220
    2803     4.6522     0.0592
    2806     4.6759     0.0965
    2809     4.6522     0.0763
    2812     4.7097     0.0876
    2815     4.6554     0.0959
    2818     4.6714     0.0786
    2821     4.6613     0.0613
    2824     4.6512     0.0441
    2827     4.7221     0.1119
    2830     4.6934     0.0964
    2833     4.6318     0.0272
    2836     4.6312     0.0595
    2839     4.6189     0.0359
    2842     4.7264     0.0836
    2845     4.6490     0.0363
    2848     4.6537     0.0811
    2851     4.6623     0.0513
    2854     4.6708     0.0214
    2857     4.5932     0.0321
    2860     4.6780     0.0427
    2863     4.6107     0.0533
    2866     4.6380     0.0640
    2869     4.6621     0.0868
    2872     4.6898     0.0957
    2875     4.6861     0.0997
    2878     4.6233     0.0540
    2881     4.6402     0.1242
    2884     4.6410     0.0914
    2887     4.5062     0.0453
    2890     4.6657     0.0820
    2893     4.6634     0.1187
    2896     4.6564     0.1171
    2899     4.6383     0.0814
    2902     4.6750     0.1111
    2905     4.6330     0.0980
    2908     4.6638     0.1024
    2911     4.6843     0.1068
    2914     4.7048     0.1370
    2917     4.6569     0.1734
    2920     4.6384     0.1536
    2923     4.6203     0.1834
    2926     4.5205     0.1205
    2929     4.5830     0.1752
    2932     4.6540     0.1176
    2935     4.6700     0.1736
    2938     4.7215     0.1783
    2941     4.6727     0.1831
    2944     4.6239     0.1879
    2947     4.6170     0.2484
    2950     4.7532     0.2136
    2953     4.6086     0.1788
    2956     4.5156     0.1919
    2959     4.6768     0.2050
    2962     4.6489     0.2594
    2965     4.5713     0.1906
    2968     4.6506     0.2400
    2971     4.6296     0.2061
    2974     4.6086     0.2230
    2977     4.5744     0.1853
    2980     4.6662     0.2579
    2983     4.6675     0.2313
    2986     4.6540     0.2279
    2989     4.6233     0.2495
    2992     4.6032     0.1979
    2995     4.6328     0.2183
    2998     4.6232     0.2396
    3001     4.6423     0.2466
    3004     4.6613     0.2536
    3007     4.6268     0.1585
    3010     4.6760     0.2273
    3013     4.6575     0.2101
    3016     4.6744     0.2016
    3019     4.6585     0.1667
    3022     4.6543     0.2196
    3025     4.6592     0.2019
    3028     4.6848     0.2261
    3031     4.6940     0.2109
    3034     4.7033     0.1957
    3037     4.6261     0.1805
    3040     4.6784     0.1653
    3043     4.6707     0.1501
    3046     4.6751     0.1349
    3049     4.6795     0.1196
    3052     4.6614     0.1720
    3055     4.6701     0.3345
    3058     4.6091     0.3252
    3061     4.6177     0.3158
    3064     4.6264     0.2592
    3067     4.6350     0.2027
    3070     4.6436     0.1461
    3073     4.6522     0.0896
    3076     4.6555     0.0337
    3079     4.6371     0.0337
    3082     4.6787     0.0971
    3085     4.6874     0.0701
    3088     4.7238     0.1685
    3091     4.7207     0.1176
    3094     4.7176     0.0666
    3097     4.6854     0.1056
    3100     4.7604     0.1033
    3103     4.6846     0.1011
    3106     4.6088     0.1253
    3109     4.7693     0.1179
    3112     4.7046     0.1324
    3115     4.7025     0.1469
    3118     4.6684     0.0942
    3121     4.6713     0.1329
    3124     4.6742     0.1329
    3127     4.6771     0.1328
    3130     4.6801     0.1328
    3133     4.6830     0.1328
    3136     4.6859     0.1328
    3139     4.7647     0.1327
    3142     4.7368     0.1009
    3145     4.7689     0.1539
    3148     4.7030     0.1309
    3151     4.7341     0.1342
    3154     4.7652     0.1375
    3157     4.7085     0.1401
    3160     4.7744     0.2108
    3163     4.7399     0.1900
    3166     4.7807     0.1692
    3169     4.7513     0.1848
    3172     4.7063     0.1967
    3175     4.8439     0.1819
    3178     4.7844     0.2144
    3181     4.7887     0.2081
    3184     4.7930     0.2019
    3187     4.8163     0.1957
    3190     4.8675     0.2538
    3193     4.7892     0.2193
    3196     4.7109     0.2318
    3199     4.7288     0.2444
    3202     4.7958     0.2023
    3205     4.8706     0.2085
    3208     4.8562     0.2147
    3211     4.7829     0.2209
    3214     4.7096     0.2271
    3217     4.8285     0.2333
    3220     4.8093     0.2396
    3223     4.7649     0.2311
    3226     4.9571     0.2227
    3229     4.7101     0.2143
    3232     4.8583     0.2964
    3235     4.7922     0.2390
    3238     4.8235     0.2724
    3241     4.8071     0.2967
    3244     4.7908     0.2989
    3247     4.8193     0.3087
    3250     4.7910     0.2850
    3253     4.9418     0.3890
    3256     4.8024     0.2704
    3259     4.8324     0.3339
    3262     4.9449     0.3989
    3265     4.8335     0.4035
    3268     4.8519     0.3750
    3271     4.8365     0.3732
    3274     4.8212     0.3715
    3277     4.8429     0.4012
    3280     4.8042     0.3747
    3283     4.8556     0.3959
    3286     4.8504     0.4153
    3289     4.8288     0.4056
    3292     4.9215     0.4019
    3295     4.8603     0.4315
    3298     4.7991     0.4611
    3301     4.8129     0.4557
    3304     4.8266     0.4504
    3307     4.7297     0.4599
    3310     4.9041     0.4694
    3313     4.8117     0.4789
    3316     4.8168     0.4884
    3319     4.8117     0.4388
    3322     4.7636     0.4343
    3325     4.7512     0.4355
    3328     4.7448     0.4736
    3331     4.7691     0.4803
    3334     4.7934     0.4870
    3337     4.7569     0.4247
    3340     4.8178     0.5191
    3343     4.7922     0.4899
    3346     4.7048     0.4717
    3349     4.8629     0.5044
    3352     4.7950     0.4803
    3355     4.8437     0.5060
    3358     4.8228     0.4756
    3361     4.8310     0.4965
    3364     4.8393     0.5174
    3367     4.8313     0.4864
    3370     4.7783     0.4444
    3373     4.7785     0.4606
    3376     4.8125     0.4642
    3379     4.7742     0.4678
    3382     4.8054     0.4457
    3385     4.7000     0.4480
    3388     4.7903     0.4504
    3391     4.8054     0.4602
    3394     4.8204     0.4700
    3397     4.7986     0.4798
    3400     4.7486     0.4067
    3403     4.8268     0.4313
    3406     4.8576     0.4558
    3409     4.7524     0.4241
    3412     4.8014     0.4652
    3415     4.8124     0.4681
    3418     4.8080     0.4840
    3421     4.7898     0.4581
    3424     4.7715     0.4321
    3427     4.7401     0.4213
    3430     4.7579     0.4310
    3433     4.8490     0.4440
    3436     4.8161     0.4303
    3439     4.8702     0.4543
    3442     4.8087     0.4512
    3445     4.7738     0.4021
    3448     4.8890     0.4256
    3451     4.8940     0.4520
    3454     4.8990     0.4785
    3457     4.8082     0.4549
    3460     4.8559     0.4314
    3463     4.8400     0.4098
    3466     4.8965     0.4739
    3469     4.8111     0.4020
    3472     4.8058     0.3898
    3475     4.9127     0.4281
    3478     4.9147     0.3958
    3481     4.9083     0.4105
    3484     4.9018     0.4252
    3487     4.7950     0.3692
    3490     4.8773     0.4430
    3493     4.8720     0.4554
    3496     4.9007     0.4164
    3499     4.8719     0.4245
    3502     4.7748     0.4143
    3505     4.8166     0.4199
    3508     4.8670     0.4404
    3511     4.8585     0.4316
    3514     4.8500     0.4229
    3517     4.8173     0.4162
    3520     4.8896     0.4513
    3523     4.8663     0.4345
    3526     4.8900     0.4480
    3529     4.8596     0.4632
    3532     4.9138     0.4701
    3535     4.8629     0.4565
    3538     4.9054     0.4663
    3541     4.9219     0.4831
    3544     4.9384     0.4999
    3547     4.9092     0.4944
    3550     4.9266     0.4575
    3553     4.8586     0.4980
    3556     4.9190     0.4844
    3559     4.9177     0.4543
    3562     4.9272     0.4615
    3565     4.8942     0.5140
    3568     4.8758     0.4959
    3571     4.9026     0.4910
    3574     4.9293     0.5008
    3577     4.9091     0.5038
    3580     4.9097     0.4909
    3583     5.0043     0.4922
    3586     4.9018     0.4935
    3589     4.8613     0.4690
    3592     4.8814     0.4806
    3595     4.9241     0.5308
    3598     4.9496     0.4981
    3601     4.9256     0.4885
    3604     4.9664     0.5163
    3607     4.8912     0.5073
    3610     4.9660     0.4750
    3613     5.0452     0.5438
    3616     4.8863     0.5102
    3619     4.9263     0.5160
    3622     4.9186     0.4902
    3625     5.0215     0.5279
    3628     4.8932     0.5151
    3631     4.9045     0.5236
    3634     4.9157     0.4921
    3637     4.9197     0.4987
    3640     4.9553     0.5356
    3643     5.0237     0.5605
    3646     4.9718     0.5559
    3649     4.9147     0.5087
    3652     4.9069     0.4974
    3655     4.8606     0.5173
    3658     5.0586     0.5682
    3661     5.0141     0.5517
    3664     4.9695     0.5352
    3667     4.9192     0.5198
    3670     4.9148     0.5228
    3673     4.9177     0.5003
    3676     4.8848     0.4574
    3679     4.9743     0.5424
    3682     4.9161     0.5115
    3685     4.9073     0.5003
    3688     4.9213     0.5102
    3691     4.9286     0.4985
    3694     4.9358     0.4867
    3697     5.0055     0.5430
    3700     4.9786     0.5606
    3703     4.9155     0.5023
    3706     4.9398     0.5120
    3709     4.9116     0.4886
    3712     4.9024     0.4916
    3715     4.9590     0.5596
    3718     4.9362     0.4919
    3721     4.9680     0.4977
    3724     4.9997     0.5035
    3727     4.9312     0.4866
    3730     4.9527     0.5031
    3733     4.9647     0.5126
    3736     4.9110     0.4927
    3739     4.9307     0.5366
    3742     4.9911     0.4995
    3745     4.9105     0.4806
    3748     4.9986     0.5314
    3751     4.9742     0.5325
    3754     4.9497     0.5336
    3757     4.9501     0.5192
    3760     4.9555     0.5049
    3763     4.9841     0.5246
    3766     4.9764     0.5038
    3769     5.0215     0.5286
    3772     4.9638     0.4891
    3775     4.9776     0.4891
    3778     5.0294     0.5573
    3781     5.0134     0.5513
    3784     4.9974     0.5454
    3787     4.9521     0.5394
    3790     5.0309     0.5334
    3793     4.9592     0.5060
    3796     5.0507     0.4820
    3799     5.0235     0.5130
    3802     4.9974     0.5207
    3805     5.1020     0.5515
    3808     4.9952     0.5046
    3811     5.0269     0.5306
    3814     5.0586     0.5211
    3817     5.0183     0.4958
    3820     5.0140     0.5256
    3823     5.0576     0.5706
    3826     5.0191     0.4990
    3829     5.0481     0.5220
    3832     5.0390     0.5395
    3835     5.0442     0.5385
    3838     5.0840     0.5375
    3841     5.0915     0.5422
    3844     5.0989     0.5470
    3847     5.0597     0.5544
    3850     5.0442     0.5293
    3853     5.0619     0.5460
    3856     5.0951     0.5346
    3859     5.0247     0.5325
    3862     5.0379     0.5510
    3865     5.0821     0.5120
    3868     5.0654     0.4953
    3871     5.0452     0.4815
    3874     5.0250     0.5302
    3877     5.0832     0.5491
    3880     5.0561     0.5277
    3883     5.0657     0.5428
    3886     5.1002     0.5305
    3889     5.1101     0.5457
    3892     5.0767     0.4779
    3895     5.0622     0.5150
    3898     5.0876     0.5481
    3901     5.0786     0.5320
    3904     5.0695     0.5158
    3907     5.0969     0.5336
    3910     5.0616     0.4969
    3913     5.1178     0.5603
    3916     5.0402     0.4720
    3919     5.0547     0.4836
    3922     5.0534     0.5028
    3925     5.0732     0.5035
    3928     5.0136     0.5042
    3931     5.0468     0.5049
    3934     5.0800     0.5056
    3937     5.0773     0.5063
    3940     5.1411     0.5070
    3943     5.1349     0.5077
    3946     5.0777     0.4695
    3949     5.1169     0.4982
    3952     5.0877     0.4918
    3955     5.0438     0.4809
    3958     5.1052     0.5057
    3961     5.0370     0.4783
    3964     4.9688     0.4510
    3967     5.0437     0.4861
    3970     5.0629     0.5074
    3973     5.0585     0.5074
    3976     5.1012     0.5075
    3979     5.0780     0.5142
    3982     5.0841     0.4734
    3985     5.0796     0.4853
    3988     5.0837     0.4869
    3991     5.0667     0.4912
    3994     5.0498     0.4829
    3997     5.1035     0.5224
    4000     5.0746     0.5382
    4003     5.0662     0.4810
    4006     5.0252     0.5351
    4009     5.0880     0.4873
    4012     5.0918     0.5311
    4015     5.1387     0.5412
    4018     4.9542     0.5242
    4021     4.9982     0.5071
    4024     5.0421     0.4901
    4027     5.0761     0.4730
    4030     5.0771     0.5201
    4033     5.0883     0.5008
    4036     5.0710     0.4941
    4039     5.0951     0.4874
    4042     5.0791     0.5004
    4045     5.0378     0.4753
    4048     5.0869     0.4705
    4051     5.0537     0.4845
    4054     5.0850     0.4984
    4057     5.0678     0.4863
    4060     5.1136     0.5443
    4063     5.0005     0.4926
    4066     5.0517     0.5316
    4069     5.0824     0.5436
    4072     5.0566     0.5308
    4075     5.0656     0.5214
    4078     5.0746     0.5119
    4081     5.0769     0.5079
    4084     5.0792     0.5039
    4087     5.0907     0.5195
    4090     5.0333     0.4805
    4093     5.0563     0.5449
    4096     5.0645     0.5366
    4099     5.0492     0.5367
    4102     5.0239     0.5367
    4105     5.1022     0.5367
    4108     5.0468     0.5368
    4111     5.0714     0.5368
    4114     5.0961     0.5368
    4117     5.1434     0.5369
    4120     5.0421     0.4947
    4123     5.0934     0.5068
    4126     5.0483     0.5092
    4129     5.0802     0.5116
    4132     5.0477     0.5068
    4135     5.1073     0.4961
    4138     5.1476     0.5571
    4141     5.1473     0.4948
    4144     5.1469     0.5371
    4147     5.1158     0.5544
    4150     5.1136     0.5686
    4153     5.0910     0.4861
    4156     5.1062     0.4781
    4159     5.1188     0.5325
    4162     5.1119     0.5480
    4165     5.0875     0.5199
    4168     5.1491     0.5018
    4171     5.1172     0.5426
    4174     5.0852     0.5833
    4177     5.2643     0.5906
    4180     5.1670     0.5935
    4183     5.0958     0.5582
    4186     5.1489     0.6198
    4189     5.1231     0.5985
    4192     5.0021     0.5773
    4195     5.2447     0.5898
    4198     5.1825     0.6022
    4201     5.1309     0.6146
    4204     5.0794     0.6271
    4207     5.1903     0.6395
    4210     5.1734     0.6199
    4213     5.2432     0.6554
    4216     5.1879     0.6560
    4219     5.1091     0.6093
    4222     5.1045     0.5970
    4225     5.1626     0.6032
    4228     5.1516     0.6095
    4231     5.1816     0.6228
    4234     5.2117     0.6362
    4237     5.2058     0.6529
    4240     5.2122     0.6515
    4243     5.1452     0.6146
    4246     5.1785     0.6245
    4249     5.1821     0.6450
    4252     5.2269     0.6221
    4255     5.2130     0.5992
    4258     5.2383     0.6182
    4261     5.2237     0.6220
    4264     5.2090     0.6258
    4267     5.2506     0.6711
    4270     5.2222     0.6706
    4273     5.1387     0.6267
    4276     5.2547     0.6557
    4279     5.2766     0.6826
    4282     5.1672     0.6750
    4285     5.1515     0.6673
    4288     5.1552     0.6597
    4291     5.1581     0.6521
    4294     5.1927     0.6445
    4297     5.2392     0.6369
    4300     5.1861     0.6563
    4303     5.1845     0.6198
    4306     5.1940     0.6315
    4309     5.1960     0.6804
    4312     5.1682     0.6414
    4315     5.2331     0.6302
    4318     5.1771     0.6258
    4321     5.2068     0.6257
    4324     5.2365     0.6257
    4327     5.1990     0.6292
    4330     5.1665     0.5988
    4333     5.1311     0.6352
    4336     5.2324     0.6307
    4339     5.1946     0.6022
    4342     5.1260     0.6114
    4345     5.2249     0.6047
    4348     5.1754     0.6282
    4351     5.2199     0.6257
    4354     5.2108     0.6232
    4357     5.1736     0.6393
    4360     5.1959     0.6614
    4363     5.2155     0.6431
    4366     5.1725     0.6119
    4369     5.1499     0.5875
    4372     5.0940     0.5932
    4375     5.0866     0.5988
    4378     5.1562     0.6531
    4381     5.1755     0.6230
    4384     5.1949     0.5929
    4387     5.1931     0.6204
    4390     5.1802     0.6182
    4393     5.1655     0.6228
    4396     5.1898     0.6104
    4399     5.1570     0.5908
    4402     5.2138     0.6420
    4405     5.1309     0.6059
    4408     5.1888     0.6358
    4411     5.1963     0.6212
    4414     5.2037     0.6557
    4417     5.2014     0.6854
    4420     5.1571     0.6053
    4423     5.1191     0.6023
    4426     5.2771     0.6695
    4429     5.1950     0.6378
    4432     5.1077     0.6060
    4435     5.1470     0.6227
    4438     5.1433     0.6945
    4441     5.1411     0.6669
    4444     5.1033     0.6393
    4447     5.1570     0.6399
    4450     5.1966     0.6581
    4453     5.0937     0.6764
    4456     5.1675     0.6946
    4459     5.2413     0.7128
    4462     5.1749     0.7034
    4465     5.1785     0.6940
    4468     5.1353     0.6846
    4471     5.1572     0.6752
    4474     5.1790     0.7129
    4477     5.2175     0.6572
    4480     5.2634     0.6836
    4483     5.2060     0.6993
    4486     5.1609     0.6740
    4489     5.1564     0.6409
    4492     5.2217     0.7252
    4495     5.2211     0.6912
    4498     5.2673     0.7675
    4501     5.1987     0.7108
    4504     5.1300     0.7057
    4507     5.2391     0.7007
    4510     5.1986     0.7079
    4513     5.2190     0.7151
    4516     5.1735     0.7021
    4519     5.1837     0.7072
    4522     5.1526     0.7260
    4525     5.1550     0.6933
    4528     5.2218     0.7231
    4531     5.1762     0.7374
    4534     5.1307     0.7436
    4537     5.2014     0.7499
    4540     5.1822     0.7718
    4543     5.2752     0.7840
    4546     5.2190     0.7733
    4549     5.2478     0.7627
    4552     5.1912     0.7520
    4555     5.2359     0.7413
    4558     5.1951     0.7306
    4561     5.2009     0.7199
    4564     5.2068     0.7383
    4567     5.3093     0.7295
    4570     5.1458     0.7261
    4573     5.2395     0.7228
    4576     5.2209     0.7071
    4579     5.2952     0.7585
    4582     5.2497     0.7929
    4585     5.2477     0.7468
    4588     5.3153     0.7513
    4591     5.2899     0.7558
    4594     5.2646     0.7603
    4597     5.3766     0.7907
    4600     5.1713     0.7242
    4603     5.2567     0.7698
    4606     5.2320     0.7627
    4609     5.2399     0.7328
    4612     5.2769     0.7687
    4615     5.2745     0.7721
    4618     5.2297     0.7021
    4621     5.2324     0.7708
    4624     5.2351     0.7052
    4627     5.2313     0.7863
    4630     5.2723     0.7605
    4633     5.2976     0.7826
    4636     5.2705     0.7858
    4639     5.3199     0.7891
    4642     5.1651     0.7747
    4645     5.2302     0.7604
    4648     5.2536     0.7461
    4651     5.1884     0.7363
    4654     5.2800     0.7264
    4657     5.2269     0.7166
    4660     5.2076     0.7068
    4663     5.2714     0.7373
    4666     5.2114     0.6885
    4669     5.2610     0.6876
    4672     5.2651     0.6883
    4675     5.2767     0.7099
    4678     5.2651     0.6744
    4681     5.3148     0.6917
    4684     5.3645     0.7089
    4687     5.2311     0.7012
    4690     5.2525     0.6936
    4693     5.2507     0.6859
    4696     5.3231     0.7050
    4699     5.2385     0.6979
    4702     5.2561     0.6750
    4705     5.2516     0.7103
    4708     5.2957     0.7118
    4711     5.3055     0.7134
    4714     5.3153     0.7149
    4717     5.2484     0.6955
    4720     5.3060     0.7201
    4723     5.2553     0.6855
    4726     5.3056     0.6779
    4729     5.2652     0.6703
    4732     5.2824     0.6627
    4735     5.2850     0.6551
    4738     5.2609     0.6742
    4741     5.2633     0.6588
    4744     5.2657     0.6434
    4747     5.3045     0.6280
    4750     5.2930     0.6882
    4753     5.2792     0.6603
    4756     5.2469     0.6324
    4759     5.1729     0.6461
    4762     5.2738     0.6598
    4765     5.3166     0.6770
    4768     5.3048     0.6908
    4771     5.2791     0.6780
    4774     5.2535     0.6652
    4777     5.2208     0.6525
    4780     5.2519     0.6397
    4783     5.2669     0.6387
    4786     5.2765     0.6522
    4789     5.2995     0.6735
    4792     5.2862     0.6947
    4795     5.2285     0.6403
    4798     5.3298     0.6767
    4801     5.3014     0.6703
    4804     5.2730     0.6638
    4807     5.3306        NaN
    4810     5.2879        NaN
    4813     5.2823        NaN
    4816     5.3014        NaN
    4819     5.3394        NaN
    4822     5.3226        NaN
    4825     5.2990        NaN
    4828     5.4070        NaN
    4831     5.3356        NaN
    4834     5.2643     0.6942
    4837     5.2652     0.7308
    4840     5.3224     0.7175
    4843     5.2964     0.7198
    4846     5.3027     0.6863
    4849     5.3420     0.7206
    4852     5.3311     0.7112
    4855     5.3276     0.7248
    4858     5.3443     0.7433
    4861     5.3396     0.7011
    4864     5.3349     0.7301
    4867     5.3764     0.7415
    4870     5.3409     0.7353
    4873     5.3480     0.7291
    4876     5.3181     0.7003
    4879     5.3491     0.7132
    4882     5.4073     0.7127
    4885     5.3277     0.6944
    4888     5.3872     0.7069
    4891     5.3738     0.7026
    4894     5.3605     0.6952
    4897     5.3856     0.7152
    4900     5.3658     0.6785
    4903     5.4234     0.6747
    4906     5.3238     0.6710
    4909     5.3863     0.6672
    4912     5.3846     0.6635
    4915     5.3653     0.6915
    4918     5.4431     0.7118
    4921     5.4185     0.7107
    4924     5.3939     0.7095
    4927     5.3989     0.6537
    4930     5.3634     0.6755
    4933     5.3905     0.6722
    4936     5.4041     0.7012
    4939     5.4595     0.6956
    4942     5.4083     0.6808
    4945     5.3797     0.6688
    4948     5.4362     0.6661
    4951     5.4284     0.6633
    4954     5.4206     0.6606
    4957     5.3950     0.6578
    4960     5.4257     0.6985
    4963     5.4032     0.6288
    4966     5.3873     0.6573
    4969     5.4110     0.6800
    4972     5.4274     0.6680
    4975     5.4438     0.6560
    4978     5.3847     0.6418
    4981     5.4097     0.6660
    4984     5.4347     0.6901
    4987     5.4518     0.6836
    4990     5.3742     0.6770
    4993     5.3941     0.6705
    4996     5.3819     0.6639
    4999     5.3806     0.6574
    5002     5.4409     0.6508
    5005     5.4193     0.6443
    5008     5.4452     0.6965
    5011     5.4387     0.6965
    5014     5.4323     0.6965
    5017     5.4492     0.7078
    5020     5.4522     0.7190
    5023     5.5291     0.7058
    5026     5.4861     0.7264
    5029     5.4244     0.7470
    5032     5.5085     0.7676
    5035     5.3745     0.6814
    5038     5.4140     0.7374
    5041     5.4364     0.7437
    5044     5.4589     0.7500
    5047     5.4608     0.7752
    5050     5.4638     0.7622
    5053     5.3650     0.7492
    5056     5.4642     0.7465
    5059     5.4395     0.7636
    5062     5.4443     0.7631
    5065     5.4236     0.7168
    5068     5.4688     0.7836
    5071     5.4555     0.7881
    5074     5.4422     0.7577
    5077     5.4360     0.8344
    5080     5.4796     0.8152
    5083     5.4975     0.7794
    5086     5.4621     0.7972
    5089     5.3693     0.8150
    5092     5.4603     0.8328
    5095     5.4495     0.8080
    5098     5.4611     0.8143
    5101     5.4518     0.8207
    5104     5.4426     0.8270
    5107     5.4651     0.8292
    5110     5.4076     0.8379
    5113     5.3912     0.8277
    5116     5.4039     0.8210
    5119     5.4050     0.8167
    5122     5.4518     0.8315
    5125     5.4292     0.8259
    5128     5.4817     0.8785
    5131     5.4447     0.8186
    5134     5.4077     0.8282
    5137     5.3542     0.7703
    5140     5.4576     0.8170
    5143     5.4578     0.8331
    5146     5.4695     0.8513
    5149     5.4471     0.8550
    5152     5.4266     0.8096
    5155     5.4669     0.8470
    5158     5.4409     0.8316
    5161     5.4640     0.8163
    5164     5.4872     0.8010
    5167     5.4719     0.8180
    5170     5.4978     0.8145
    5173     5.5115     0.8109
    5176     5.4714     0.8074
    5179     5.5733     0.8038
    5182     5.5072     0.8003
    5185     5.5171     0.8236
    5188     5.4769     0.8347
    5191     5.4919     0.8162
    5194     5.5068     0.7976
    5197     5.5049     0.7902
    5200     5.4645     0.7602
    5203     5.4437     0.7449
    5206     5.5762     0.8018
    5209     5.4762     0.8271
    5212     5.5402     0.8525
    5215     5.4665     0.8483
    5218     5.5298     0.8442
    5221     5.5241     0.7955
    5224     5.5185     0.8001
    5227     5.5573     0.8181
    5230     5.5209     0.8309
    5233     5.5369     0.8028
    5236     5.4841     0.7747
    5239     5.4825     0.7888
    5242     5.5316     0.8030
    5245     5.5570     0.8172
    5248     5.5320     0.8583
    5251     5.5487     0.8075
    5254     5.5654     0.8291
    5257     5.5774     0.8102
    5260     5.5723     0.8005
    5263     5.5023     0.7781
    5266     5.5921     0.8004
    5269     5.6049     0.7984
    5272     5.6177     0.8099
    5275     5.6305     0.7963
    5278     5.5875     0.8028
    5281     5.5791     0.7870
    5284     5.5706     0.7712
    5287     5.6346     0.8040
    5290     5.6277     0.7922
    5293     5.4999     0.7540
    5296     5.5354     0.7836
    5299     5.4693     0.7852
    5302     5.4452     0.7585
    5305     5.5480     0.7882
    5308     5.5797     0.8141
    5311     5.5633     0.8083
    5314     5.5468     0.8025
    5317     5.5882     0.8395
    5320     5.5302     0.8249
    5323     5.5438     0.8103
    5326     5.4763     0.7829
    5329     5.5408     0.7851
    5332     5.5499     0.8017
    5335     5.5003     0.7850
    5338     5.5361     0.8174
    5341     5.5338     0.8318
    5344     5.5315     0.8461
    5347     5.5486     0.8418
    5350     5.4809     0.8312
    5353     5.5352     0.8346
    5356     5.4438     0.8380
    5359     5.5403     0.8414
    5362     5.6251     0.8569
    5365     5.5365     0.8725
    5368     5.5056     0.8215
    5371     5.4838     0.8231
    5374     5.4619     0.8248
    5377     5.5023     0.8265
    5380     5.5426     0.8282
    5383     5.5023     0.8373
    5386     5.4709     0.8465
    5389     5.5280     0.8557
    5392     5.4795     0.8681
    5395     5.5360     0.8806
    5398     5.5586     0.8930
    5401     5.5398     0.9426
    5404     5.5210     0.9341
    5407     5.5772     0.9257
    5410     5.5379     0.9185
    5413     5.5151     0.9665
    5416     5.5539     0.9759
    5419     5.5206     0.9475
    5422     5.5827     0.9724
    5425     5.5330     0.9740
    5428     5.5506     0.9757
    5431     5.5319     0.9773
    5434     5.5131     0.9557
    5437     5.5099     1.0260
    5440     5.5527     0.9807
    5443     5.5598     1.0044
    5446     5.5290     1.0280
    5449     5.4851     0.9929
    5452     5.5269     1.0141
    5455     5.5850     0.9874
    5458     5.6259     1.0344
    5461     5.5909     1.0483
    5464     5.5558     1.0623
    5467     5.5993     1.0493
    5470     5.5766     1.0631
    5473     5.5571     1.0466
    5476     5.5280     1.0300
    5479     5.5278     1.0411
    5482     5.5562     1.0521
    5485     5.5556     1.0560
    5488     5.5841     1.0549
    5491     5.5858     1.0642
    5494     5.5876     1.0735
    5497     5.6152     1.0829
    5500     5.4768     1.0522
    5503     5.5473     1.0216
    5506     5.5799     1.0424
    5509     5.5826     1.0633
    5512     5.5555     1.0721
    5515     5.5284     1.0810
    5518     5.5013     1.0899
    5521     5.5209     1.0987
    5524     5.5405     1.1076
    5527     5.4810     1.1165
    5530     5.5800     1.1253
    5533     5.6015     1.1319
    5536     5.5870     1.1474
    5539     5.5972     1.1092
    5542     5.5615     1.1011
    5545     5.6064     1.0876
    5548     5.5343     1.0741
    5551     5.5433     1.0606
    5554     5.5523     1.0471
    5557     5.6107     1.0336
    5560     5.6004     1.1065
    5563     5.5234     0.9797
    5566     5.6488     1.0348
    5569     5.5819     0.9716
    5572     5.5721     0.9880
    5575     5.6923     1.0134
    5578     5.6307     0.9969
    5581     5.6465     1.0000
    5584     5.6623     1.0030
    5587     5.6506     0.9835
    5590     5.6343     0.9640
    5593     5.6019     0.9445
    5596     5.5508     1.0192
    5599     5.5620     0.9281
    5602     5.5869     0.8370
    5605     5.6180     0.8429
    5608     5.5536     0.8488
    5611     5.5953     0.8468
    5614     5.6370     0.8447
    5617     5.6725     0.8426
    5620     5.6094     0.8405
    5623     5.6092     0.8385
    5626     5.6892     0.8644
    5629     5.7262     0.8484
    5632     5.6319     0.8424
    5635     5.6624     0.8364
    5638     5.6248     0.8359
    5641     5.6340     0.7989
    5644     5.6433     0.8245
    5647     5.6670     0.8038
    5650     5.6974     0.8492
    5653     5.6603     0.7938
    5656     5.6770     0.7957
    5659     5.6775     0.8010
    5662     5.6390     0.7688
    5665     5.6251     0.7760
    5668     5.6758     0.8148
    5671     5.7127     0.8185
    5674     5.7495     0.8037
    5677     5.7556     0.7590
    5680     5.7190     0.8226
    5683     5.7207     0.8257
    5686     5.7895     0.8048
    5689     5.7002        NaN
    5692     5.6715        NaN
    5695     5.7268        NaN
    5698     5.7333        NaN
    5701     5.7438        NaN
    5704     5.7544        NaN
    5707     5.6976        NaN
    5710     5.5374        NaN
    5713     5.7145        NaN
    5716     5.7262     0.8861
    5719     5.6711     0.8233
    5722     5.6839     0.8767
    5725     5.7073     0.9264
    5728     5.7340     0.9152
    5731     5.7431     0.9229
    5734     5.7522     0.9307
    5737     5.8100     0.9058
    5740     5.7755     0.9166
    5743     5.8329     0.9584
    5746     5.7934     0.9308
    5749     5.7273     0.8959
    5752     5.7616     0.9427
    5755     5.6600     0.9061
    5758     5.8232     0.9801
    5761     5.7720     0.9399
    5764     5.7208        NaN
    5767     5.7196        NaN
    5770     5.8297        NaN
    5773     5.7725        NaN
    5776     5.7264        NaN
    5779     5.7621        NaN
    5782     5.7275        NaN
    5785     5.7120        NaN
    5788     5.7915        NaN
    5791     5.7859        NaN
    5794     5.7803     1.0095
    5797     5.7185     0.9906
    5800     5.8379     1.0756
    5803     5.8709     1.0864
    5806     5.7802     1.0721
    5809     5.8003     1.0819
    5812     5.6942     1.0619
    5815     5.7248     1.0734
    5818     5.7778     1.0876
    5821     5.7540     1.0852
    5824     5.7302     1.1058
    5827     5.7480     1.0959
    5830     5.7814     1.0859
    5833     5.7200     1.0759
    5836     5.7428     1.0957
    5839     5.7946     1.1268
    5842     5.7747     1.0999
    5845     5.7610     1.1198
    5848     5.7213     1.1397
    5851     5.7517     1.1374
    5854     5.7822     1.1352
    5857     5.8155     1.1330
    5860     5.8038     1.1307
    5863     5.6977     1.1285
    5866     5.7578     1.1263
    5869     5.7593     1.1240
    5872     5.6815     1.1336
    5875     5.6832     1.1443
    5878     5.8466     1.1551
    5881     5.7056     1.1394
    5884     5.7710     1.1505
    5887     5.6668     1.1489
    5890     5.7740     1.1547
    5893     5.8325     1.1283
    5896     5.8133     1.1679
    5899     5.7771     1.1228
    5902     5.7489     1.1023
    5905     5.7742     1.1570
    5908     5.7901     1.1454
    5911     5.7394     1.1978
    5914     5.6887     1.1570
    5917     5.7274     1.1162
    5920     5.8238     1.0978
    5923     5.7626     1.0794
    5926     5.7914     1.0700
    5929     5.7369     1.0606
    5932     5.6930     1.0512
    5935     5.7241     1.0359
    5938     5.7158     1.0206
    5941     5.7500     1.0847
    5944     5.7843     1.1489
    5947     5.7725     1.0395
    5950     5.7268     1.0686
    5953     5.7652     1.0978
    5956     5.7949     1.0644
    5959     5.7871     1.0466
    5962     5.7038     1.0287
    5965     5.8151     1.0271
    5968     5.6415     1.0255
    5971     5.7006     1.0239
    5974     5.7596     1.0223
    5977     5.8187     1.0247
    5980     5.8195     1.0215
    5983     5.8078     0.9956
    5986     5.7869     1.0010
    5989     5.8741     0.9902
    5992     5.8553     0.9822
    5995     5.8041     0.9187
    5998     5.8068     0.9282
    6001     5.8095     0.9377
    6004     5.8122     0.9471
    6007     5.8149     0.9566
    6010     5.8176     0.9661
    6013     5.8225     0.9549
    6016     5.8357     0.9554
    6019     5.7994     0.9464
    6022     5.8142     0.9374
    6025     5.8907     0.9431
    6028     5.8584     0.9279
    6031     5.8428     0.9444
    6034     5.8273     0.9608
    6037     5.8426     0.9218
    6040     5.8779     0.9472
    6043     5.8813     0.9726
    6046     5.8574     0.9447
    6049     5.7863     0.9168
    6052     5.8203     0.9076
    6055     5.7922     0.9127
    6058     5.7572     0.9509
    6061     5.7683     0.9315
    6064     5.7794     0.9121
    6067     5.9080     0.9669
    6070     5.8349     1.0216
    6073     5.7039     0.9960
    6076     5.8632     0.9703
    6079     5.8593     0.9784
    6082     5.8713     0.9865
    6085     5.8873     0.9930
    6088     5.8561     1.0072
    6091     5.8565     0.9697
    6094     5.8569     0.9854
    6097     5.8196     0.9575
    6100     5.8929     1.0074
    6103     5.8644     1.0077
    6106     5.9061     1.0188
    6109     5.8288     1.0087
    6112     5.8782     0.9986
    6115     5.8660     0.9601
    6118     5.8021     0.9433
    6121     5.8508     0.9220
    6124     5.8995     1.0146
    6127     5.8431     0.9663
    6130     5.8518     0.9879
    6133     5.8006     1.0096
    6136     5.9127     1.0313
    6139     5.8357     0.9959
    6142     5.8680     0.9875
    6145     5.8468     0.9791
    6148     5.8234     1.0055
    6151     5.8895     1.0176
    6154     5.8244     1.0296
    6157     5.8950     1.0354
    6160     5.8320     1.0412
    6163     5.8252     1.0470
    6166     5.8306     1.0528
    6169     5.8062     1.0223
    6172     5.7628     1.0373
    6175     5.8129     1.0400
    6178     5.9000     1.0541
    6181     5.8331     1.0683
    6184     5.8720     1.0825
    6187     5.8690     1.0730
    6190     5.8134     1.0537
    6193     5.8554     1.0645
    6196     5.7576     1.0754
    6199     5.9225     1.0862
    6202     5.8359     1.0306
    6205     5.9258     1.1332
    6208     5.8743     1.1302
    6211     5.8901     1.1271
    6214     5.9060     1.1241
    6217     5.9182     1.0530
    6220     5.8814     1.1050
    6223     5.8585     1.1144
    6226     5.7979     1.1237
    6229     5.8693     1.0727
    6232     5.8478     1.0902
    6235     5.9268     1.1076
    6238     5.9222     1.1102
    6241     5.8817     1.1128
    6244     5.8697     1.1154
    6247     5.7993     1.1180
    6250     5.8192     1.1206
    6253     5.9429     1.1232
    6256     5.9303     1.1709
    6259     5.9050     1.1064
    6262     5.9111     1.0992
    6265     5.8995     1.1527
    6268     5.9197     1.1552
    6271     5.9295     1.1607
    6274     5.9392     1.1662
    6277     5.8526     1.1615
    6280     5.9306     1.1567
    6283     5.8040     1.1392
    6286     5.8928     1.1217
    6289     5.8967     1.1206
    6292     6.0053     1.1780
    6295     5.9125     1.1582
    6298     5.8397     1.1607
    6301     5.8911     1.1631
    6304     5.9425     1.1656
    6307     6.0017     1.1680
    6310     5.9114     1.0690
    6313     5.9400     1.0768
    6316     6.0349     1.1507
    6319     6.0069     1.1224
    6322     6.0194     1.1440
    6325     6.0373     1.1683
    6328     5.8804     1.1533
    6331     5.9428     1.1384
    6334     6.0051     1.1234
    6337     5.9283     1.1124
    6340     5.9879     1.0317
    6343     6.0273     1.1010
    6346     5.9528     1.0376
    6349     5.9927     1.0935
    6352     5.9737     1.0872
    6355     6.0258     1.0849
    6358     6.0149     1.0819
    6361     6.0246     1.0878
    6364     6.0342     1.0938
    6367     6.1044     1.0707
    6370     6.0537     1.0649
    6373     6.0764     1.0153
    6376     6.0815     1.0857
    6379     6.0251     1.0167
    6382     5.9757     0.9898
    6385     6.0002     1.0457
    6388     6.0430     1.0509
    6391     6.0482     1.0471
    6394     6.0534     1.0433
    6397     6.1264     1.0394
    6400     6.0397     0.9923
    6403     6.0543     1.0020
    6406     6.0333     1.0116
    6409     6.0479     1.0139
    6412     6.0356     1.0161
    6415     6.0737     1.0144
    6418     6.0702     1.0127
    6421     6.0804     1.0110
    6424     6.0907     1.0093
    6427     6.0851     0.9884
    6430     6.0543     0.9675
    6433     6.1124     0.9682
    6436     6.0850     0.9688
    6439     6.0913     0.9932
    6442     6.0894     0.9945
    6445     6.0731     0.9967
    6448     6.0850     0.9990
    6451     6.0640     0.9895
    6454     6.0430     0.9801
    6457     6.1666     1.0350
    6460     6.0286     0.9923
    6463     6.0054     1.0045
    6466     6.1811     1.0543
    6469     6.0340     1.0194
    6472     6.0317     0.9996
    6475     6.0351     1.0219
    6478     6.0371     0.9976
    6481     6.0637     1.0315
    6484     6.0903     1.0654
    6487     6.0996     1.0853
    6490     6.0817     1.0349
    6493     6.0268     1.0235
    6496     6.0336     1.0613
    6499     6.1065     1.0706
    6502     6.1597     1.0800
    6505     6.1076     1.0894
    6508     6.0100     1.0955
    6511     6.0522     1.1016
    6514     6.0944     1.1078
    6517     6.0190     1.0836
    6520     6.0747     1.0902
    6523     6.0777     1.0857
    6526     6.0234     1.0813
    6529     6.1114     1.1008
    6532     6.0561     1.1503
    6535     6.0250     1.0977
    6538     6.0082     1.0909
    6541     6.0235     1.1038
    6544     6.0387     1.1167
    6547     5.9908     1.1283
    6550     5.9349     1.1398
    6553     6.0145     1.1514
    6556     6.0605     1.1629
    6559     6.0739     1.1817
    6562     6.0459     1.0982
    6565     6.0421     1.1940
    6568     6.1239     1.1748
    6571     6.0644     1.1274
    6574     6.0050     1.1224
    6577     6.0540     1.1112
    6580     6.0737     1.1378
    6583     6.0306     1.1563
    6586     6.0435     1.1646
    6589     6.0072     1.1730
    6592     6.0154     1.1463
    6595     6.0284     1.1422
    6598     6.0539     1.1382
    6601     5.9729     1.1341
    6604     5.8919     1.1300
    6607     6.0198     1.1259
    6610     6.0501     1.1172
    6613     5.9483     1.1515
    6616     6.0522     1.1857
    6619     6.0162     1.1137
    6622     5.9313     1.1157
    6625     5.9905     1.1177
    6628     6.0044     1.1085
    6631     5.9841     1.0814
    6634     5.9638     1.0543
    6637     5.9959     1.0025
    6640     6.0120     1.1339
    6643     5.9961     1.1055
    6646     5.9690     1.0475
    6649     6.0238     1.0845
    6652     6.0334     1.1102
    6655     6.0482     1.0806
    6658     5.9942     1.0980
    6661     5.9998     1.0944
    6664     6.0054     1.0908
    6667     5.9397     1.0720
    6670     5.9605     1.0531
    6673     6.0508     1.0680
    6676     6.0679     1.0989
    6679     6.0609     1.0929
    6682     6.0913     1.1036
    6685     6.0402     1.0767
    6688     6.0910     1.0666
    6691     6.0703     1.0566
    6694     6.0496     1.0465
    6697     6.0754     1.0199
    6700     6.0705     1.0793
    6703     6.1087     1.0740
    6706     6.0762     1.0542
    6709     6.0988     1.0503
    6712     6.1246     1.0587
    6715     6.0882     1.0902
    6718     6.1055     1.0512
    6721     6.0882     1.0435
    6724     6.0710     1.0358
    6727     6.0968     1.0551
    6730     6.1196     1.0478
    6733     6.0971     1.0428
    6736     6.0650     1.0280
    6739     6.0553     1.0217
    6742     6.0770     1.0476
    6745     6.0640     1.0357
    6748     6.0774     0.9822
    6751     6.0664     1.0025
    6754     6.0555     1.0229
    6757     5.9519     1.0403
    6760     6.0860     1.0379
    6763     6.0704     0.9662
    6766     6.0982     1.0438
    6769     6.0590     0.9775
    6772     6.0598     0.9973
    6775     6.1297     1.0171
    6778     6.1190     1.0586
    6781     6.1082     1.0604
    6784     6.0975     1.0621
    6787     6.0867     1.0421
    6790     6.0760     1.0268
    6793     6.1149     1.0427
    6796     6.1771     1.0583
    6799     6.1071     1.0286
    6802     6.1641     1.0659
    6805     6.1582     0.9916
    6808     6.0842     1.0229
    6811     6.1144     1.0218
    6814     6.1446     1.0206
    6817     6.0829     1.0425
    6820     6.1444     1.0644
    6823     6.1325     1.0470
    6826     6.1582     1.0386
    6829     6.1540     1.0728
    6832     6.1374     1.0374
    6835     6.0343     1.0192
    6838     6.2152     1.1011
    6841     6.1568     1.0976
    6844     6.0985     1.0940
    6847     6.1853     1.1187
    6850     6.1202     1.0924
    6853     6.0665     1.1071
    6856     6.0763     1.0685
    6859     6.1397     1.1214
    6862     6.0821     1.0875
    6865     6.1299     1.1449
    6868     6.0769     1.1446
    6871     6.1110     1.1146
    6874     6.1451     1.1919
    6877     6.0570     1.1754
    6880     6.1279     1.1824
    6883     6.0997     1.1460
    6886     6.0975     1.1518
    6889     6.1489     1.1755
    6892     6.1039     1.1658
    6895     6.0765     1.1891
    6898     6.0683     1.1755
    6901     6.1004     1.2071
    6904     6.1325     1.2387
    6907     6.0986     1.2072
    6910     6.1531     1.2258
    6913     6.0363     1.2318
    6916     6.0591     1.2378
    6919     6.1379     1.2439
    6922     6.0525     1.2027
    6925     6.1003     1.2680
    6928     6.1330     1.3333
    6931     6.1175     1.2704
    6934     6.1248     1.2634
    6937     6.0032     1.2564
    6940     6.0518     1.2494
    6943     5.9831     1.2684
    6946     6.1725     1.2762
    6949     6.0050     1.2840
    6952     6.0243     1.2917
    6955     6.0831     1.2995
    6958     6.1047     1.3073
    6961     6.0890     1.2848
    6964     6.0634     1.2624
    6967     6.1116     1.2601
    6970     6.0266     1.2578
    6973     6.1142     1.2694
    6976     6.0714     1.2809
    6979     6.3711     1.3068
    6982     6.0963     1.3000
    6985     6.0875     1.3082
    6988     6.1000     1.2602
    6991     6.0202     1.2466
    6994     6.0560     1.3067
    6997     6.0999     1.3025
    7000     6.1055     1.2453
    7003     6.0088     1.2747
    7006     6.1233     1.3041
    7009     6.0511     1.2683
    7012     6.1027     1.2507
    7015     6.0948     1.2537
    7018     6.0876     1.2567
    7021     6.1150     1.2597
    7024     6.1424     1.2627
    7027     6.0965     1.2110
    7030     6.0674     1.2405
    7033     6.1070     1.2160
    7036     6.0804     1.1915
    7039     6.0620     1.2098
    7042     6.1401     1.2281
    7045     6.1697     1.2464
    7048     6.1447     1.1890
    7051     6.1509     1.1742
    7054     6.1570     1.1594
    7057     6.1248     1.1879
    7060     6.1689     1.1900
    7063     6.1521     1.1821
    7066     6.1724     1.1743
    7069     6.1496     1.1875
    7072     6.1276     1.1625
    7075     6.1503     1.1375
    7078     6.1566     1.1124
    7081     6.1646     1.1016
    7084     6.1725     1.0907
    7087     6.1729     1.1355
    7090     6.1794     1.1766
    7093     6.1611     1.0688
    7096     6.2024     1.1284
    7099     6.1261     1.1357
    7102     6.2025     1.0857
    7105     6.1322     1.0804
    7108     6.1730     1.1488
    7111     6.2139     1.2171
    7114     6.2547     1.2855
    7117     6.2274     1.2949
    7120     6.1904     1.2808
    7123     6.2297     1.2758
    7126     6.2057     1.2574
    7129     6.1738     1.2390
    7132     6.1905     1.2270
    7135     6.2300     1.2108
    7138     6.1880     1.1946
    7141     6.2085     1.2574
    7144     6.2290     1.2560
    7147     6.1782     1.1957
    7150     6.2435     1.2216
    7153     6.2441     1.2128
    7156     6.2028     1.1801
    7159     6.1371     1.1737
    7162     6.2077     1.1674
    7165     6.0999     1.1637
    7168     6.1346     1.1600
    7171     6.1838     1.1563
    7174     6.2330     1.1526
    7177     6.2545     1.1489
    7180     6.2304     1.1230
    7183     6.3042     1.2225
    7186     6.2503     1.1752
    7189     6.3078     1.2325
    7192     6.2115     1.1265
    7195     6.1827     1.1280
    7198     6.1778     1.1295
    7201     6.1399     1.1576
    7204     6.1021     1.1857
    7207     6.2992     1.2138
    7210     6.1901     1.1756
    7213     6.2688     1.1373
    7216     6.2250     1.1690
    7219     6.1943     1.1651
    7222     6.2261     1.1611
    7225     6.2003     1.1572
    7228     6.2102     1.1179
    7231     6.2009     1.1046
    7234     6.1916     1.0914
    7237     6.1218     1.0698
    7240     6.1853     1.1339
    7243     6.2069     1.1398
    7246     6.2081     1.1528
    7249     6.1996     1.1336
    7252     6.2185     1.1500
    7255     6.2147     1.1258
    7258     6.2279     1.1601
    7261     6.2174     1.1638
    7264     6.2068     1.1675
    7267     6.1603     1.1712
    7270     6.1673     1.1749
    7273     6.1905     1.1779
    7276     6.1793     1.2209
    7279     6.1724     1.2266
    7282     6.1442     1.1735
    7285     6.2144     1.2486
    7288     6.1573     1.1929
    7291     6.1752     1.2070
    7294     6.1930     1.2210
    7297     6.1351     1.2305
    7300     6.1182     1.2287
    7303     6.0437     1.2362
    7306     6.0703     1.2437
    7309     6.1196     1.2511
    7312     6.1129     1.2586
    7315     6.0783     1.2661
    7318     6.1206     1.2736
    7321     6.1063     1.2811
    7324     6.0722     1.2645
    7327     6.1966     1.3089
    7330     6.1056     1.2701
    7333     6.1428     1.3242
    7336     6.1207     1.2797
    7339     6.1619     1.3194
    7342     6.1374     1.3008
    7345     6.0214     1.2821
    7348     5.9936     1.2634
    7351     6.0723     1.2783
    7354     6.1511     1.2931
    7357     6.0864     1.2838
    7360     6.1908     1.2625
    7363     6.1180     1.2413
    7366     6.1601     1.2622
    7369     6.1577     1.3078
    7372     6.1546     1.2772
    7375     6.1399     1.2775
    7378     6.1209     1.2778
    7381     6.1462     1.2782
    7384     6.1715     1.2785
    7387     6.2318     1.2659
    7390     6.1779     1.2785
    7393     6.0893     1.2682
    7396     6.1452     1.2579
    7399     6.1691     1.2469
    7402     6.1468     1.2627
    7405     6.1351     1.2807
    7408     6.2107     1.2839
    7411     6.2173     1.2667
    7414     6.2239     1.2966
    7417     6.2148     1.2529
    7420     6.1171     1.2015
    7423     6.1781     1.2122
    7426     6.1162     1.2382
    7429     6.1613     1.2293
    7432     6.1733     1.2365
    7435     6.1810     1.2405
    7438     6.1931     1.2274
    7441     6.2023     1.2305
    7444     6.2114     1.2337
    7447     6.1996     1.1903
    7450     6.2441     1.2394
    7453     6.2207     1.1783
    7456     6.2519     1.2198
    7459     6.1840     1.1793
    7462     6.1788     1.2124
    7465     6.1737     1.1752
    7468     6.1932     1.1815
    7471     6.2074     1.1233
    7474     6.2216     1.1663
    7477     6.2493     1.2093
    7480     6.2104     1.1770
    7483     6.1575     1.1649
    7486     6.2097     1.1415
    7489     6.2488     1.1707
    7492     6.2575     1.1995
    7495     6.2320     1.1545
    7498     6.2287     1.1695
    7501     6.2308     1.1642
    7504     6.2328     1.1590
    7507     6.2834     1.1923
    7510     6.2448     1.2045
    7513     6.1993     1.1794
    7516     6.2530     1.2133
    7519     6.1736     1.1738
    7522     6.2789     1.1852
    7525     6.2187     1.2076
    7528     6.2632     1.2608
    7531     6.2281     1.2250
    7534     6.1930     1.1893
    7537     6.2819     1.1945
    7540     6.2591     1.2177
    7543     6.1840     1.1804
    7546     6.2908     1.1821
    7549     6.2445     1.1839
    7552     6.2526     1.1857
    7555     6.2845     1.2552
    7558     6.2490     1.2334
    7561     6.2536     1.2222
    7564     6.2582     1.2109
    7567     6.2445     1.1735
    7570     6.2217     1.1744
    7573     6.3041     1.2679
    7576     6.2880     1.2393
    7579     6.2586     1.2207
    7582     6.2821     1.2423
    7585     6.2303     1.2402
    7588     6.2862     1.2274
    7591     6.2900     1.2351
    7594     6.2938     1.2429
    7597     6.2364     1.2364
    7600     6.3317     1.2753
    7603     6.2568     1.2874
    7606     6.2491     1.2539
    7609     6.2807     1.2971
    7612     6.2557     1.2697
    7615     6.1953     1.2717
    7618     6.2497     1.2870
    7621     6.2812     1.2871
    7624     6.3126     1.3237
    7627     6.2168     1.2756
    7630     6.2229     1.2855
    7633     6.2625     1.3282
    7636     6.2353     1.2887
    7639     6.2589     1.3171
    7642     6.2075     1.2786
    7645     6.2836     1.3143
    7648     6.1995     1.3284
    7651     6.2122     1.3163
    7654     6.2249     1.3118
    7657     6.2647     1.3081
    7660     6.1940     1.2653
    7663     6.1858     1.3297
    7666     6.1765     1.3093
    7669     6.2152     1.3068
    7672     6.2066     1.3010
    7675     6.2510     1.3129
    7678     6.2183     1.2992
    7681     6.2020     1.2932
    7684     6.1639     1.2871
    7687     6.2553     1.3757
    7690     6.1716     1.3361
    7693     6.1747     1.3290
    7696     6.2066     1.3359
    7699     6.2371     1.3193
    7702     6.1670     1.3209
    7705     6.1514     1.3121
    7708     6.1464     1.3438
    7711     6.1392     1.3358
    7714     6.1321     1.3279
    7717     6.1711     1.3082
    7720     6.1322     1.3107
    7723     6.1341     1.3132
    7726     6.1008     1.3157
    7729     6.1668     1.3181
    7732     6.0754     1.3206
    7735     6.1220     1.3231
    7738     6.1173     1.3231
    7741     6.1125     1.3231
    7744     6.1077     1.3231
    7747     6.1029     1.3231
    7750     6.0982     1.3231
    7753     6.0934     1.3231
    7756     6.0886     1.3231
    7759     6.0838     1.3231
    7762     6.0791     1.3230
    7765     6.0743     1.3230
    7768     6.0695     1.3230
    7771     6.0647     1.3230
    7774     6.0600     1.3230
    7777     6.0552     1.3230
    7780     6.0504     1.3230
    7783     6.0456     1.3230
    7786     6.0409     1.3230
    7789     6.0361     1.3230
