;Corrections to calculate VIRGO TSI from PMO6V or DIARAD level-1 data
;   values after Mission Day 7874 are extrapolated until 7900 (18:07:2017)
;   Mission Day 31.0 corresponds to 1 January 1996, 00 UTC
;   file written: Mon Jun 05 11:41:25 2017
;Algorism: VIRGO_TSI=(Rad_level_1+CorRad)*ratio_vir2Rad with Rad=PMO6V or DIARAD
;    CorRad is from table below and should be interpolated to MDay of Rad_level_1
;    if only PMO6V or DIARAD level2 are needed, no multiplication by ratio_vir2rad is needed
1.00031593 ;ratio_vir2PMO6V (f10.8)
0.99968512 ;ratio_vir2DIARAD (f10.8)
;Colums:  MissionDay, Cor_PMO6V and Cor_DIARAD formated as (i8,2f11.4)
      58    -0.4290     1.8932
      61    -0.5137     1.0095
      64    -0.5172     0.3995
      67    -0.5619     0.0630
      70    -0.5676    -0.0017
      73    -0.5201    -0.0334
      76    -0.4727    -0.0547
      79    -0.4252    -0.0358
      82    -0.3777    -0.0395
      85    -0.3302    -0.0232
      88    -0.3421    -0.0441
      91    -0.2876    -0.0311
      94    -0.2422    -0.0182
      97    -0.2764    -0.0293
     100    -0.3106    -0.0404
     103    -0.3448    -0.0515
     106    -0.3189    -0.0379
     109    -0.2930    -0.0243
     112    -0.2469    -0.0198
     115    -0.3950    -0.0373
     118    -0.2734    -0.0724
     121    -0.1519    -0.0481
     124    -0.1754    -0.0849
     127    -0.1989    -0.0371
     130    -0.2224    -0.0746
     133    -0.2179    -0.0533
     136    -0.2359    -0.0270
     139    -0.2538    -0.0520
     142    -0.2263    -0.0564
     145    -0.1988    -0.0425
     148    -0.1369    -0.0598
     151    -0.1581    -0.0469
     154    -0.1554    -0.0565
     157    -0.2189    -0.0818
     160    -0.1161    -0.0839
     163    -0.2096    -0.0465
     166    -0.1911    -0.0624
     169    -0.1726    -0.0782
     172    -0.0386    -0.0389
     175    -0.3264    -0.0396
     178    -0.0487    -0.0379
     181     0.0167    -0.0312
     184    -0.0430    -0.0726
     187    -0.0365    -0.0381
     190    -0.0300    -0.0791
     193     0.0052    -0.0563
     196     0.0320    -0.0550
     199     0.0370    -0.1077
     202     0.0534    -0.0712
     205     0.1217    -0.0156
     208     0.1106    -0.0521
     211     0.1461    -0.0296
     214     0.1245    -0.0779
     217     0.1956    -0.0565
     220     0.1409    -0.0729
     223     0.1497    -0.0396
     226     0.2167    -0.0167
     229     0.2194    -0.0442
     232     0.2413    -0.0266
     235     0.2188    -0.0452
     238     0.1973    -0.0447
     241     0.2652    -0.0477
     244     0.2691    -0.0300
     247     0.2865    -0.0528
     250     0.3038    -0.0446
     253     0.2983    -0.0333
     256     0.3541    -0.0220
     259     0.3246    -0.0131
     262     0.3199    -0.0132
     265     0.3903    -0.0076
     268     0.3746    -0.0055
     271     0.4240     0.0175
     274     0.3913    -0.0233
     277     0.3413    -0.0465
     280     0.3724    -0.0293
     283     0.4036     0.0331
     286     0.4347     0.0956
     289     0.4659     0.1580
     292     0.4761     0.2205
     295     0.5044     0.1536
     298     0.5081     0.0634
     301     0.5203    -0.0352
     304     0.5020    -0.1169
     307     0.5268    -0.1657
     310     0.5218    -0.2145
     313     0.5481    -0.2968
     316     0.5349    -0.3909
     319     0.5216    -0.3964
     322     0.6188    -0.3827
     325     0.6190     0.3457
     328     0.5371     0.2988
     331     0.5388     0.2009
     334     0.5926     0.1958
     337     0.6111     0.1628
     340     0.6393     0.1767
     343     0.6842     0.1274
     346     0.6958     0.1153
     349     0.7073     0.1304
     352     0.6468     0.0663
     355     0.6864     0.0516
     358     0.6284     0.0695
     361     0.7330     0.0303
     364     0.7732     0.0265
     367     0.7584     0.0159
     370     0.7437    -0.0082
     373     0.7006    -0.0922
     376     0.7674    -0.0432
     379     0.7249    -0.0860
     382     0.7516    -0.0327
     385     0.7022    -0.1131
     388     0.7425    -0.0888
     391     0.7337    -0.1248
     394     0.7336    -0.1321
     397     0.8152    -0.0967
     400     0.7629    -0.1458
     403     0.8097    -0.0963
     406     0.8456    -0.1273
     409     0.8522    -0.1130
     412     0.8565    -0.1526
     415     0.8301    -0.1470
     418     0.8098    -0.1017
     421     0.7622    -0.1370
     424     0.8288    -0.1335
     427     0.8640    -0.0996
     430     0.8992    -0.0657
     433     0.8558    -0.1129
     436     0.8342    -0.1315
     439     0.9026    -0.1404
     442     0.7843    -0.1180
     445     0.8361    -0.1354
     448     0.8880    -0.1568
     451     0.8874    -0.1338
     454     0.9016    -0.1735
     457     1.0072    -0.1465
     460     0.9116    -0.1912
     463     0.9087    -0.1666
     466     0.8683    -0.2026
     469     0.9154    -0.1845
     472     0.9198    -0.1678
     475     0.9243    -0.1719
     478     0.9288    -0.1992
     481     0.9418    -0.1615
     484     0.9548    -0.2461
     487     0.9731    -0.2080
     490     0.9914    -0.1698
     493     0.9715    -0.2424
     496     0.9907    -0.1913
     499     0.9756    -0.2190
     502     0.9939    -0.2620
     505     1.0122    -0.2350
     508     1.0312    -0.2180
     511     1.0131    -0.2462
     514     0.9949    -0.2275
     517     0.9943    -0.2629
     520     0.9936    -0.2335
     523     0.9930    -0.2335
     526     1.0317    -0.2336
     529     1.0704    -0.2336
     532     1.0614    -0.2865
     535     1.0523    -0.2674
     538     1.0433    -0.2484
     541     1.1017    -0.2707
     544     1.0794    -0.2557
     547     1.0831    -0.2530
     550     1.0867    -0.2503
     553     1.0685    -0.2816
     556     1.0728    -0.2700
     559     1.1034    -0.2574
     562     1.1066    -0.2638
     565     1.1098    -0.2703
     568     1.0881    -0.2807
     571     1.1438    -0.2897
     574     1.1017    -0.2697
     577     1.1076    -0.2641
     580     1.1135    -0.2868
     583     1.1194    -0.2899
     586     1.1148    -0.2488
     589     1.1376    -0.2924
     592     1.1282    -0.2896
     595     1.1495    -0.2915
     598     1.1708    -0.2787
     601     1.0269    -0.3041
     604     1.1812    -0.2963
     607     1.1747    -0.2760
     610     1.1682    -0.2557
     613     1.1404    -0.2602
     616     1.1185    -0.2787
     619     1.1642    -0.2673
     622     1.2008    -0.2991
     625     1.1226    -0.3157
     628     1.2256    -0.2651
     631     1.2628    -0.1712
     634     1.1595    -0.2993
     637     1.1549    -0.2689
     640     1.1503    -0.2884
     643     1.2414    -0.2904
     646     1.2518    -0.2920
     649     1.2209    -0.2837
     652     1.2368    -0.3146
     655     1.2528    -0.3062
     658     1.2687    -0.2586
     661     1.2120    -0.2404
     664     1.0689    -0.3140
     667     1.1200    -0.2981
     670     1.1712    -0.2822
     673     1.2223    -0.2686
     676     1.2779    -0.2561
     679     1.2412    -0.2700
     682     1.2202    -0.2634
     685     1.2483    -0.2404
     688     1.2763    -0.2878
     691     1.2577    -0.2144
     694     1.3412    -0.2490
     697     1.2400    -0.2772
     700     1.2592    -0.2968
     703     1.2785    -0.2266
     706     1.2973    -0.2010
     709     1.3162    -0.2279
     712     1.3842    -0.2470
     715     1.4248    -0.1864
     718     1.3652    -0.2340
     721     1.3838    -0.1998
     724     1.4025    -0.2065
     727     1.4003    -0.1924
     730     1.3982    -0.2177
     733     1.3960    -0.2730
     736     1.4158    -0.2205
     739     1.5087    -0.2286
     742     1.5147    -0.2137
     745     1.4422    -0.2521
     748     1.4921    -0.2051
     751     1.4717    -0.2126
     754     1.5216    -0.2406
     757     1.5045    -0.2277
     760     1.5205    -0.1713
     763     1.4981    -0.2096
     766     1.4812    -0.2044
     769     1.5685    -0.2432
     772     1.5730    -0.2212
     775     1.6392    -0.2126
     778     1.6843    -0.1771
     781     1.6222    -0.1973
     784     1.6398    -0.1964
     787     1.6630    -0.1919
     790     1.6863    -0.1874
     793     1.6606    -0.2080
     796     1.6890    -0.2341
     799     1.6979    -0.2178
     802     1.7445    -0.1997
     805     1.7480    -0.1912
     808     1.6889    -0.2500
     811     1.7269    -0.2408
     814     1.7649    -0.2315
     817     1.7778    -0.2067
     820     1.7907    -0.2633
     823     1.7893    -0.2593
     826     1.7879    -0.2554
     829     1.7865    -0.2514
     832     1.8040    -0.2267
     835     1.8091    -0.2063
     838     1.8344    -0.2448
     841     1.8284    -0.2482
     844     1.8225    -0.2517
     847     1.8165    -0.2574
     850     1.8105    -0.2631
     853     1.8776    -0.2818
     856     1.9245    -0.2432
     859     1.8960    -0.2904
     862     1.9327    -0.2508
     865     1.9694    -0.2186
     868     2.0146    -0.2485
     871     1.9552    -0.2698
     874     1.8958    -0.2911
     877     1.9176    -0.2747
     880     2.0404    -0.2441
     883     2.0145    -0.2619
     886     1.9885    -0.2582
     889     2.0318    -0.3006
     892     2.0143    -0.2795
     895     1.9967    -0.2882
     898     2.0401    -0.3045
     901     2.0300    -0.2662
     904     2.0199    -0.3210
     907     2.1412    -0.2467
     910     2.1916    -0.2554
     913     2.0856    -0.3059
     916     2.1113    -0.3180
     919     2.2134    -0.3013
     922     2.1585    -0.2789
     925     2.1036    -0.3414
     928     2.0423    -0.3375
     931     2.1241    -0.3245
     934     2.2059    -0.2674
     937        NaN        NaN
     940        NaN        NaN
     943        NaN        NaN
     946        NaN        NaN
     949        NaN        NaN
     952        NaN        NaN
     955        NaN        NaN
     958        NaN        NaN
     961        NaN        NaN
     964        NaN        NaN
     967        NaN        NaN
     970        NaN        NaN
     973        NaN        NaN
     976        NaN        NaN
     979        NaN        NaN
     982        NaN        NaN
     985        NaN        NaN
     988        NaN        NaN
     991        NaN        NaN
     994        NaN        NaN
     997        NaN        NaN
    1000        NaN        NaN
    1003        NaN        NaN
    1006        NaN        NaN
    1009        NaN        NaN
    1012        NaN        NaN
    1015        NaN        NaN
    1018        NaN        NaN
    1021        NaN        NaN
    1024        NaN        NaN
    1027        NaN        NaN
    1030        NaN        NaN
    1033        NaN        NaN
    1036        NaN        NaN
    1039        NaN        NaN
    1042        NaN        NaN
    1045     2.2150     0.8531
    1048     2.1462     0.8372
    1051     2.1633     0.8257
    1054     2.1804     0.0634
    1057     2.1648     0.0412
    1060     2.1300     0.0624
    1063     2.1709     0.0289
    1066     2.2231     0.0652
    1069     2.1594     0.0367
    1072     2.1576     0.0673
    1075     2.1558     0.1223
    1078     2.2225     0.0558
    1081     2.1809     0.0393
    1084     2.1393     0.0228
    1087     2.2119     0.0646
    1090     2.2540     0.0736
    1093     2.2389     0.0376
    1096     2.2075     0.0781
    1099     2.1471     0.0998
    1102     2.2750     0.0482
    1105     2.2285     0.0430
    1108     2.2936     0.1025
    1111        NaN        NaN
    1114        NaN        NaN
    1117        NaN        NaN
    1120        NaN        NaN
    1123        NaN        NaN
    1126        NaN        NaN
    1129        NaN        NaN
    1132        NaN        NaN
    1135        NaN        NaN
    1138        NaN        NaN
    1141        NaN        NaN
    1144        NaN        NaN
    1147        NaN        NaN
    1150        NaN        NaN
    1153        NaN        NaN
    1156        NaN        NaN
    1159        NaN        NaN
    1162        NaN     0.0703
    1165     2.4320     0.0643
    1168     2.3946     0.0576
    1171     2.4128     0.0677
    1174     2.4310     0.0778
    1177     2.4492     0.0879
    1180     2.4560     0.0989
    1183     2.5554     0.0948
    1186     2.4626     0.0508
    1189     2.5056     0.0988
    1192     2.5083     0.1124
    1195     2.5763     0.1285
    1198     2.5321     0.1212
    1201     2.5546     0.1202
    1204     2.5770     0.1192
    1207     2.5000     0.1053
    1210     2.5387     0.0988
    1213     2.5498     0.1360
    1216     2.5608     0.1187
    1219     2.5462     0.0701
    1222     2.5661     0.1284
    1225     2.5861     0.1412
    1228     2.6422     0.1038
    1231     2.6177     0.0928
    1234     2.5933     0.1005
    1237     2.6209     0.1225
    1240     2.6078     0.1186
    1243     2.6717     0.1016
    1246     2.6679     0.0876
    1249     2.6930     0.1471
    1252     2.6081     0.1457
    1255     2.6853     0.1251
    1258     2.6711     0.1161
    1261     2.7014     0.1423
    1264     2.7317     0.1560
    1267     2.7398     0.1527
    1270     2.7662     0.1802
    1273     2.7666     0.1213
    1276     2.7669     0.1582
    1279     2.8263     0.2027
    1282     2.8147     0.1388
    1285     2.8031     0.1447
    1288     2.7517     0.1387
    1291     2.7604     0.1382
    1294     2.7691     0.1378
    1297     2.7379     0.1361
    1300     2.8034     0.1408
    1303     2.7881     0.1555
    1306     2.7727     0.1465
    1309     2.8477     0.1467
    1312     2.8371     0.2028
    1315     2.8266     0.1655
    1318     2.8006     0.1613
    1321     2.8113     0.1664
    1324     2.8221     0.1716
    1327     2.8417     0.2046
    1330     2.8437     0.1808
    1333     2.9522     0.2338
    1336     2.8432     0.1824
    1339     2.8835     0.1289
    1342     2.9008     0.2134
    1345     2.9182     0.1753
    1348     2.9275     0.1977
    1351     2.9218     0.1771
    1354     2.9160     0.1582
    1357     2.9569     0.2217
    1360     2.9428     0.2035
    1363     2.9514     0.1967
    1366     2.8874     0.1916
    1369     2.9433     0.2070
    1372     2.9777     0.2080
    1375     2.9187     0.2318
    1378     2.9816     0.2135
    1381     3.0075     0.1807
    1384     3.0334     0.2280
    1387     2.9581     0.1513
    1390     3.0082     0.1850
    1393     2.9921     0.1428
    1396     2.9759     0.1788
    1399     3.0130     0.1868
    1402     2.9389     0.1779
    1405     3.0632     0.1974
    1408     3.0161     0.1666
    1411     2.9988     0.1552
    1414     2.9816     0.1438
    1417     3.0077     0.1625
    1420     3.0665     0.1639
    1423     2.9447     0.1229
    1426     3.0955     0.2009
    1429     3.0809     0.1762
    1432     2.9945     0.1673
    1435     3.0813     0.1895
    1438     3.0710     0.2172
    1441     3.0615     0.1792
    1444     3.0520     0.1411
    1447     3.0835     0.1620
    1450     3.1478     0.2070
    1453     3.1606     0.2206
    1456     3.1430     0.1500
    1459     3.1301        NaN
    1462     3.1172        NaN
    1465     3.1043        NaN
    1468     3.1641        NaN
    1471     3.1172        NaN
    1474     3.0703        NaN
    1477     3.1662        NaN
    1480     3.1445        NaN
    1483     3.1549        NaN
    1486     3.2753        NaN
    1489     3.1717        NaN
    1492     3.2567        NaN
    1495     3.2884     0.2029
    1498     3.3010     0.1512
    1501     3.3136     0.0995
    1504     3.3263     0.1918
    1507     3.2634     0.1059
    1510     3.2189     0.1261
    1513     3.2190     0.1075
    1516     3.2603     0.0925
    1519     3.3152     0.1526
    1522     3.2117     0.1359
    1525     3.3396     0.1400
    1528     3.2891     0.1240
    1531     3.2922     0.1140
    1534     3.2952     0.1039
    1537     3.3156     0.1049
    1540     3.3092     0.0800
    1543     3.3100     0.1162
    1546     3.3108     0.0963
    1549     3.3565     0.0708
    1552     3.3903     0.1321
    1555     3.3340     0.0960
    1558     3.3827     0.1040
    1561     3.3713     0.0951
    1564     3.3598     0.0861
    1567     3.3855     0.0911
    1570     3.3836     0.1118
    1573     3.3986     0.1606
    1576     3.4136     0.1029
    1579     3.4240     0.1206
    1582     3.4509     0.0781
    1585     3.4777     0.1303
    1588     3.4123     0.1060
    1591     3.4620     0.0921
    1594     3.5118     0.1319
    1597     3.4298     0.0968
    1600     3.3809     0.1385
    1603     3.3985     0.0786
    1606     3.4517     0.0708
    1609     3.4173     0.1062
    1612     3.4394     0.1190
    1615     3.5034     0.1107
    1618     3.5054     0.1214
    1621     3.5444     0.1432
    1624     3.5834     0.1650
    1627     3.5005     0.0848
    1630     3.4666     0.0810
    1633     3.5081     0.1653
    1636     3.5495     0.1367
    1639     3.5684     0.1629
    1642     3.5917     0.1280
    1645     3.5527     0.1231
    1648     3.5459     0.1380
    1651     3.5670     0.1418
    1654     3.5881     0.1455
    1657     3.6909     0.1530
    1660     3.5504     0.1666
    1663     3.6084     0.1353
    1666     3.6217     0.1308
    1669     3.6680     0.1811
    1672     3.6382     0.1667
    1675     3.6083     0.1198
    1678     3.6638     0.1255
    1681     3.6454     0.1734
    1684     3.6270     0.1608
    1687     3.9578     0.1216
    1690     3.7186     0.1897
    1693     3.6869     0.1391
    1696     3.6553     0.1829
    1699     3.7652     0.1974
    1702     3.6715     0.1474
    1705     3.7136     0.1426
    1708     3.6398     0.1348
    1711     3.6669     0.1774
    1714     3.6940     0.1478
    1717     3.7543     0.1527
    1720     3.6997     0.1250
    1723     3.7299     0.1300
    1726     3.7257     0.1245
    1729     3.6761     0.1042
    1732     3.5933     0.1128
    1735     3.6848     0.0656
    1738     3.6783     0.0659
    1741     3.7521     0.1535
    1744     3.7586     0.1107
    1747     3.7359     0.1051
    1750     3.7441     0.1178
    1753     3.6997     0.0533
    1756     3.6909     0.0957
    1759     3.8281     0.1410
    1762     3.7904     0.1536
    1765     3.7527     0.1030
    1768     3.6864     0.1055
    1771     3.7150     0.0661
    1774     3.7436     0.0544
    1777     3.7204     0.0509
    1780     3.7839     0.0442
    1783     3.7750     0.0336
    1786     3.7661     0.0949
    1789     3.7407     0.0714
    1792     3.7632     0.0438
    1795     3.7856     0.0412
    1798     3.8320     0.0386
    1801     3.8068     0.0171
    1804     3.7816    -0.0045
    1807     3.8988     0.0698
    1810     3.8384    -0.0047
    1813     3.8894     0.0648
    1816     3.8435    -0.0428
    1819     3.7965    -0.0396
    1822     3.7712     0.0075
    1825     3.8032     0.0045
    1828     3.8353     0.0016
    1831     3.8673    -0.0039
    1834     3.8994    -0.0094
    1837     3.8631    -0.0490
    1840     3.8922     0.0012
    1843     3.8735    -0.0194
    1846     3.8547    -0.0651
    1849     3.8298    -0.0616
    1852     3.8326    -0.0422
    1855     3.8354    -0.0977
    1858     3.9007    -0.0312
    1861     3.8675    -0.0898
    1864     3.8343    -0.0703
    1867     3.8781    -0.0644
    1870     3.9347    -0.0629
    1873     3.9914    -0.0650
    1876     3.8541    -0.0670
    1879     3.9659    -0.1198
    1882     3.8855    -0.1457
    1885     3.9182    -0.1272
    1888     3.9344    -0.1213
    1891     3.9206    -0.1109
    1894     3.9382    -0.1005
    1897     3.9189    -0.1063
    1900     3.9155    -0.0914
    1903     3.9298    -0.1091
    1906     3.9063    -0.1168
    1909     3.9830    -0.0654
    1912     3.9844    -0.0740
    1915     3.9570    -0.1387
    1918     4.0303    -0.0483
    1921     4.0198    -0.0343
    1924     4.0092    -0.0203
    1927     3.9600    -0.1084
    1930     3.9450    -0.0560
    1933     3.9806    -0.0954
    1936     4.0163    -0.1180
    1939     4.0476    -0.0417
    1942     4.0026    -0.0790
    1945     3.9902    -0.0822
    1948     4.0279    -0.0574
    1951     4.0034    -0.0811
    1954     3.9790    -0.0440
    1957     4.0681    -0.0386
    1960     4.0393    -0.0772
    1963     4.0509    -0.0646
    1966     4.0625    -0.0618
    1969     4.0945    -0.0388
    1972     4.0957    -0.0583
    1975     4.0969    -0.0189
    1978     4.0987    -0.0037
    1981     4.0648     0.0176
    1984     4.0310     0.0083
    1987     4.0723    -0.0700
    1990     4.1040     0.0342
    1993     4.1044     0.0595
    1996     4.1049     0.0245
    1999     4.0366    -0.0225
    2002     4.0543     0.0527
    2005     4.0720    -0.0075
    2008     4.0779     0.0098
    2011     4.1075     0.0147
    2014     4.1371     0.0046
    2017     4.1695     0.0801
    2020     4.1420     0.0616
    2023     4.1552     0.0255
    2026     4.1683     0.0672
    2029     4.1474     0.0816
    2032     4.1026     0.0497
    2035     4.1332     0.0527
    2038     4.1827     0.0807
    2041     4.1675     0.0776
    2044     4.1523     0.0745
    2047     4.1947     0.0988
    2050     4.2054     0.0839
    2053     4.1441     0.0258
    2056     4.1877     0.0301
    2059     4.2361     0.0688
    2062     4.1153     0.0199
    2065     4.2490     0.0699
    2068     4.2440     0.0568
    2071     4.2470     0.0438
    2074     4.2500     0.1049
    2077     4.1359     0.0006
    2080     4.2182     0.0606
    2083     4.1444     0.0238
    2086     4.1350    -0.0271
    2089     4.2418     0.0329
    2092     4.2403     0.0119
    2095     4.2388     0.0443
    2098     4.1656    -0.0244
    2101     4.1299    -0.0384
    2104     4.0942    -0.0524
    2107     4.1679    -0.0348
    2110     4.2283     0.0320
    2113     4.1828    -0.0636
    2116     4.1818    -0.0467
    2119     4.2108    -0.0416
    2122     4.2166    -0.0270
    2125     4.2224    -0.0433
    2128     4.1950    -0.0432
    2131     4.2001    -0.0715
    2134     4.2234    -0.0998
    2137     4.2068    -0.0841
    2140     4.2161    -0.0784
    2143     4.2366    -0.0714
    2146     4.3115    -0.1229
    2149     4.2461    -0.0755
    2152     4.2168    -0.0250
    2155     4.1875    -0.1195
    2158     4.1991    -0.1092
    2161     4.1980    -0.0742
    2164     4.1968    -0.0899
    2167     4.1148    -0.1012
    2170     4.2300    -0.1125
    2173     4.2578    -0.0933
    2176     4.2147    -0.1227
    2179     4.2158    -0.1038
    2182     4.2283    -0.0829
    2185     4.2409    -0.0966
    2188     4.2329    -0.0965
    2191     4.2740    -0.0776
    2194     4.3151    -0.0584
    2197     4.3138    -0.0578
    2200     4.2244    -0.1159
    2203     4.3400    -0.0505
    2206     4.2373    -0.0760
    2209     4.2645    -0.0947
    2212     4.3225    -0.0795
    2215     4.3135    -0.0511
    2218     4.3224    -0.0584
    2221     4.3299    -0.0619
    2224     4.3375    -0.0654
    2227     4.2387    -0.0720
    2230     4.2936    -0.0873
    2233     4.2940    -0.0308
    2236     4.2915    -0.0375
    2239     4.2515    -0.0719
    2242     4.3230    -0.0874
    2245     4.2686    -0.0869
    2248     4.2989    -0.0666
    2251     4.2676    -0.0782
    2254     4.2363    -0.0899
    2257     4.2600    -0.0448
    2260     4.2837     0.0003
    2263     4.3074     0.0453
    2266     4.3311     0.0303
    2269     4.2637    -0.0999
    2272     4.4045    -0.0466
    2275     4.3919    -0.0661
    2278     4.3584    -0.1549
    2281     4.3521    -0.1696
    2284     4.3458    -0.1843
    2287     4.3231    -0.2032
    2290     4.3837    -0.2289
    2293     4.3869    -0.2056
    2296     4.3900    -0.2157
    2299     4.3849    -0.2466
    2302     4.3711    -0.6618
    2305     4.3604    -0.6983
    2308     4.2994     0.0054
    2311     4.3466    -0.0047
    2314     4.3938     0.2864
    2317     4.4023     0.2751
    2320     4.3870     0.3022
    2323     4.4130     0.2129
    2326     4.4389     0.2480
    2329     4.3860     0.2687
    2332     4.3554     0.2327
    2335     4.3247     0.2529
    2338     4.3872     0.2382
    2341     4.3857     0.2525
    2344     4.3842     0.2780
    2347     4.4042     0.2675
    2350     4.4157     0.2218
    2353     4.4142     0.2610
    2356     4.4128     0.2485
    2359     4.3929     0.2330
    2362     4.3753     0.2766
    2365     4.3576     0.2350
    2368     4.3797     0.2665
    2371     4.3765     0.2714
    2374     4.3733     0.2763
    2377     4.3876     0.2595
    2380     4.3413     0.2428
    2383     4.3460     0.2702
    2386     4.3508     0.2386
    2389     4.4174     0.2522
    2392     4.4707     0.2269
    2395     4.3872     0.2702
    2398     4.4042     0.2450
    2401     4.3960     0.2697
    2404     4.3878     0.2288
    2407     4.4017     0.2602
    2410     4.3466     0.2076
    2413     4.3202     0.1978
    2416     4.3978     0.2310
    2419     4.3936     0.1709
    2422     4.3830     0.2103
    2425     4.3723     0.1972
    2428     4.3970     0.1864
    2431     4.4260     0.1937
    2434     4.4550     0.2009
    2437     4.3577     0.0938
    2440     4.4612     0.1551
    2443     4.4473     0.2123
    2446     4.3819     0.1839
    2449     4.3791     0.1556
    2452     4.4529     0.1710
    2455     4.4069     0.1305
    2458     4.4482     0.2232
    2461     4.4382     0.2109
    2464     4.4282     0.1985
    2467     4.4485     0.1862
    2470     4.4538     0.1330
    2473     4.3899     0.1339
    2476     4.3891     0.1676
    2479     4.4207     0.1953
    2482     4.4654     0.2083
    2485     4.5101     0.2213
    2488     4.4777     0.1695
    2491     4.4489     0.1501
    2494     4.4200     0.1241
    2497     4.5059     0.1443
    2500     4.3936     0.1645
    2503     4.3830     0.0953
    2506     4.3723     0.1481
    2509     4.3648     0.1079
    2512     4.4118     0.1073
    2515     4.4588     0.1348
    2518     4.4826     0.1135
    2521     4.4575     0.1392
    2524     4.4323     0.1282
    2527     4.4046     0.1142
    2530     4.4423     0.0843
    2533     4.4505     0.1509
    2536     4.3887     0.1340
    2539     4.4531     0.1475
    2542     4.4619     0.1686
    2545     4.4708     0.1338
    2548     4.4909     0.1351
    2551     4.3631     0.1576
    2554     4.4657     0.1154
    2557     4.4650     0.1529
    2560     4.5168     0.1378
    2563     4.5257     0.1921
    2566     4.5201     0.1523
    2569     4.4515     0.1402
    2572     4.5174     0.1619
    2575     4.5059     0.1640
    2578     4.4928     0.1526
    2581     4.4710     0.1497
    2584     4.4491     0.1467
    2587     4.4966     0.1572
    2590     4.4158     0.1368
    2593     4.4905     0.1470
    2596     4.5616     0.1556
    2599     4.5298     0.1642
    2602     4.4841     0.1372
    2605     4.5086     0.1101
    2608     4.5397     0.1096
    2611     4.5106     0.1090
    2614     4.4970     0.1068
    2617     4.4487     0.0810
    2620     4.4888     0.0744
    2623     4.5288     0.0678
    2626     4.5288     0.1516
    2629     4.5339     0.1306
    2632     4.4904     0.1097
    2635     4.5410     0.1363
    2638     4.5540     0.0944
    2641     4.5604     0.0999
    2644     4.5667     0.1055
    2647     4.5318     0.0969
    2650     4.5195     0.0882
    2653     4.5009     0.0967
    2656     4.5268     0.0463
    2659     4.5444     0.0834
    2662     4.5739     0.1022
    2665     4.4766     0.0849
    2668     4.5574     0.0816
    2671     4.5702     0.0926
    2674     4.5831     0.1036
    2677     4.5606     0.0703
    2680     4.6275     0.1279
    2683     4.6445     0.1027
    2686     4.4854     0.0830
    2689     4.5788     0.1192
    2692     4.5862     0.1021
    2695     4.5814     0.0723
    2698     4.6397     0.0784
    2701     4.6642     0.0845
    2704     4.6888     0.0907
    2707     4.5264     0.0890
    2710     4.6468     0.0784
    2713     4.6238     0.1056
    2716     4.7367     0.1199
    2719     4.6216     0.0921
    2722     4.7105     0.1413
    2725     4.6097     0.0860
    2728     4.6735     0.0989
    2731     4.6959     0.1119
    2734     4.7184     0.1248
    2737     4.6127     0.0852
    2740     4.5848     0.0968
    2743     4.5848     0.0667
    2746     4.6132     0.0989
    2749     4.6263     0.0902
    2752     4.6389     0.1377
    2755     4.5978     0.0768
    2758     4.6573     0.0975
    2761     4.6773     0.0987
    2764     4.6974     0.0998
    2767     4.6899     0.1010
    2770     4.6824     0.1022
    2773     4.6750     0.1033
    2776     4.6675     0.1045
    2779     4.6601     0.1056
    2782     4.6753     0.1068
    2785     4.6389     0.0609
    2788     4.6782     0.1043
    2791     4.6795     0.0731
    2794     4.6808     0.1001
    2797     4.7097     0.1214
    2800     4.7174     0.1453
    2803     4.6681     0.0826
    2806     4.6919     0.1200
    2809     4.6682     0.0997
    2812     4.7257     0.1110
    2815     4.6714     0.1193
    2818     4.6875     0.1021
    2821     4.6774     0.0848
    2824     4.6673     0.0675
    2827     4.7384     0.1353
    2830     4.7095     0.1198
    2833     4.6481     0.0506
    2836     4.6473     0.0829
    2839     4.6351     0.0593
    2842     4.7427     0.1070
    2845     4.6652     0.0598
    2848     4.6700     0.1046
    2851     4.6785     0.0747
    2854     4.6870     0.0449
    2857     4.6096     0.0555
    2860     4.6943     0.0661
    2863     4.6271     0.0767
    2866     4.6544     0.0873
    2869     4.6786     0.1102
    2872     4.7062     0.1191
    2875     4.7025     0.1231
    2878     4.6398     0.0774
    2881     4.6567     0.1476
    2884     4.6575     0.1148
    2887     4.5227     0.0687
    2890     4.6821     0.1054
    2893     4.6799     0.1421
    2896     4.6730     0.1406
    2899     4.6549     0.1049
    2902     4.6916     0.1346
    2905     4.6496     0.1214
    2908     4.6804     0.1258
    2911     4.7009     0.1302
    2914     4.7214     0.1604
    2917     4.6735     0.1969
    2920     4.6550     0.1771
    2923     4.6369     0.2068
    2926     4.5371     0.1439
    2929     4.5997     0.1987
    2932     4.6707     0.1410
    2935     4.6866     0.1970
    2938     4.7382     0.2018
    2941     4.6893     0.2065
    2944     4.6405     0.2113
    2947     4.6336     0.2718
    2950     4.7698     0.2370
    2953     4.6252     0.2022
    2956     4.5322     0.2154
    2959     4.6934     0.2285
    2962     4.6655     0.2829
    2965     4.5879     0.2140
    2968     4.6672     0.2635
    2971     4.6462     0.2295
    2974     4.6252     0.2464
    2977     4.5909     0.2088
    2980     4.6828     0.2814
    2983     4.6840     0.2548
    2986     4.6706     0.2513
    2989     4.6398     0.2730
    2992     4.6197     0.2213
    2995     4.6494     0.2418
    2998     4.6397     0.2630
    3001     4.6588     0.2700
    3004     4.6778     0.2770
    3007     4.6433     0.1820
    3010     4.6923     0.2507
    3013     4.6740     0.2335
    3016     4.6908     0.2251
    3019     4.6748     0.1901
    3022     4.6706     0.2430
    3025     4.6756     0.2253
    3028     4.7011     0.2495
    3031     4.7104     0.2343
    3034     4.7197     0.2191
    3037     4.6425     0.2039
    3040     4.6946     0.1887
    3043     4.6869     0.1735
    3046     4.6913     0.1583
    3049     4.6957     0.1431
    3052     4.6777     0.1954
    3055     4.6863     0.3580
    3058     4.6254     0.3486
    3061     4.6340     0.3392
    3064     4.6426     0.2827
    3067     4.6512     0.2261
    3070     4.6599     0.1696
    3073     4.6685     0.1130
    3076     4.6716     0.0571
    3079     4.6534     0.0571
    3082     4.6949     0.1206
    3085     4.7036     0.0935
    3088     4.7400     0.1920
    3091     4.7369     0.1410
    3094     4.7338     0.0900
    3097     4.7016     0.1290
    3100     4.7765     0.1268
    3103     4.7007     0.1245
    3106     4.6249     0.1488
    3109     4.7854     0.1412
    3112     4.7208     0.1557
    3115     4.7186     0.1702
    3118     4.6846     0.1176
    3121     4.6875     0.1563
    3124     4.6904     0.1563
    3127     4.6933     0.1563
    3130     4.6962     0.1563
    3133     4.6991     0.1562
    3136     4.7020     0.1562
    3139     4.7809     0.1562
    3142     4.7529     0.1242
    3145     4.7850     0.1774
    3148     4.7191     0.1543
    3151     4.7501     0.1576
    3154     4.7812     0.1610
    3157     4.7246     0.1635
    3160     4.7905     0.2342
    3163     4.7561     0.2134
    3166     4.7968     0.1927
    3169     4.7675     0.2082
    3172     4.7225     0.2202
    3175     4.8600     0.2052
    3178     4.8005     0.2378
    3181     4.8049     0.2316
    3184     4.8093     0.2254
    3187     4.8324     0.2192
    3190     4.8838     0.2772
    3193     4.8054     0.2427
    3196     4.7270     0.2553
    3199     4.7449     0.2678
    3202     4.8120     0.2257
    3205     4.8869     0.2319
    3208     4.8724     0.2381
    3211     4.7991     0.2443
    3214     4.7258     0.2506
    3217     4.8446     0.2568
    3220     4.8254     0.2630
    3223     4.7810     0.2546
    3226     4.9733     0.2462
    3229     4.7262     0.2378
    3232     4.8744     0.3197
    3235     4.8083     0.2624
    3238     4.8396     0.2958
    3241     4.8232     0.3202
    3244     4.8069     0.3222
    3247     4.8356     0.3322
    3250     4.8071     0.3084
    3253     4.9581     0.4125
    3256     4.8186     0.2938
    3259     4.8486     0.3573
    3262     4.9610     0.4223
    3265     4.8496     0.4269
    3268     4.8680     0.3983
    3271     4.8527     0.3966
    3274     4.8374     0.3949
    3277     4.8592     0.4245
    3280     4.8203     0.3981
    3283     4.8717     0.4193
    3286     4.8665     0.4387
    3289     4.8449     0.4291
    3292     4.9376     0.4252
    3295     4.8764     0.4548
    3298     4.8152     0.4845
    3301     4.8290     0.4791
    3304     4.8427     0.4738
    3307     4.7458     0.4833
    3310     4.9201     0.4928
    3313     4.8278     0.5023
    3316     4.8329     0.5118
    3319     4.8278     0.4622
    3322     4.7796     0.4576
    3325     4.7672     0.4589
    3328     4.7608     0.4970
    3331     4.7850     0.5037
    3334     4.8093     0.5103
    3337     4.7729     0.4481
    3340     4.8338     0.5425
    3343     4.8082     0.5132
    3346     4.7208     0.4952
    3349     4.8789     0.5278
    3352     4.8110     0.5036
    3355     4.8596     0.5294
    3358     4.8388     0.4990
    3361     4.8470     0.5199
    3364     4.8553     0.5407
    3367     4.8472     0.5098
    3370     4.7943     0.4678
    3373     4.7944     0.4839
    3376     4.8284     0.4876
    3379     4.7902     0.4912
    3382     4.8213     0.4691
    3385     4.7160     0.4714
    3388     4.8062     0.4737
    3391     4.8213     0.4836
    3394     4.8364     0.4934
    3397     4.8145     0.5033
    3400     4.7645     0.4301
    3403     4.8426     0.4546
    3406     4.8734     0.4792
    3409     4.7684     0.4474
    3412     4.8172     0.4887
    3415     4.8284     0.4914
    3418     4.8239     0.5073
    3421     4.8056     0.4814
    3424     4.7874     0.4554
    3427     4.7561     0.4447
    3430     4.7738     0.4543
    3433     4.8649     0.4673
    3436     4.8320     0.4536
    3439     4.8861     0.4776
    3442     4.8247     0.4745
    3445     4.7896     0.4254
    3448     4.9050     0.4489
    3451     4.9099     0.4754
    3454     4.9149     0.5018
    3457     4.8240     0.4782
    3460     4.8717     0.4547
    3463     4.8560     0.4332
    3466     4.9123     0.4972
    3469     4.8269     0.4253
    3472     4.8216     0.4132
    3475     4.9287     0.4514
    3478     4.9306     0.4192
    3481     4.9242     0.4338
    3484     4.9178     0.4485
    3487     4.8109     0.3925
    3490     4.8933     0.4663
    3493     4.8879     0.4787
    3496     4.9166     0.4397
    3499     4.8878     0.4478
    3502     4.7907     0.4376
    3505     4.8325     0.4432
    3508     4.8829     0.4638
    3511     4.8744     0.4550
    3514     4.8658     0.4462
    3517     4.8332     0.4395
    3520     4.9055     0.4746
    3523     4.8821     0.4578
    3526     4.9058     0.4713
    3529     4.8755     0.4865
    3532     4.9296     0.4934
    3535     4.8786     0.4798
    3538     4.9211     0.4897
    3541     4.9376     0.5065
    3544     4.9542     0.5232
    3547     4.9248     0.5177
    3550     4.9422     0.4808
    3553     4.8743     0.5213
    3556     4.9347     0.5077
    3559     4.9333     0.4776
    3562     4.9429     0.4848
    3565     4.9098     0.5373
    3568     4.8915     0.5192
    3571     4.9182     0.5143
    3574     4.9450     0.5241
    3577     4.9247     0.5271
    3580     4.9253     0.5142
    3583     5.0199     0.5155
    3586     4.9173     0.5168
    3589     4.8768     0.4924
    3592     4.8969     0.5039
    3595     4.9395     0.5542
    3598     4.9651     0.5214
    3601     4.9410     0.5119
    3604     4.9818     0.5396
    3607     4.9066     0.5306
    3610     4.9814     0.4983
    3613     5.0606     0.5671
    3616     4.9016     0.5335
    3619     4.9417     0.5392
    3622     4.9339     0.5135
    3625     5.0369     0.5512
    3628     4.9085     0.5384
    3631     4.9197     0.5468
    3634     4.9309     0.5155
    3637     4.9350     0.5220
    3640     4.9705     0.5589
    3643     5.0390     0.5837
    3646     4.9871     0.5791
    3649     4.9298     0.5320
    3652     4.9220     0.5207
    3655     4.8758     0.5407
    3658     5.0739     0.5914
    3661     5.0293     0.5749
    3664     4.9846     0.5585
    3667     4.9344     0.5431
    3670     4.9300     0.5460
    3673     4.9328     0.5236
    3676     4.8999     0.4807
    3679     4.9893     0.5657
    3682     4.9311     0.5348
    3685     4.9224     0.5236
    3688     4.9364     0.5335
    3691     4.9437     0.5217
    3694     4.9510     0.5099
    3697     5.0207     0.5662
    3700     4.9936     0.5837
    3703     4.9305     0.5255
    3706     4.9549     0.5354
    3709     4.9267     0.5118
    3712     4.9176     0.5148
    3715     4.9740     0.5828
    3718     4.9512     0.5152
    3721     4.9830     0.5210
    3724     5.0148     0.5268
    3727     4.9464     0.5100
    3730     4.9679     0.5265
    3733     4.9797     0.5358
    3736     4.9260     0.5159
    3739     4.9457     0.5598
    3742     5.0062     0.5227
    3745     4.9256     0.5038
    3748     5.0137     0.5547
    3751     4.9892     0.5558
    3754     4.9648     0.5570
    3757     4.9653     0.5425
    3760     4.9705     0.5280
    3763     4.9992     0.5478
    3766     4.9916     0.5270
    3769     5.0366     0.5519
    3772     4.9790     0.5123
    3775     4.9928     0.5124
    3778     5.0445     0.5805
    3781     5.0285     0.5746
    3784     5.0125     0.5686
    3787     4.9673     0.5627
    3790     5.0460     0.5567
    3793     4.9743     0.5292
    3796     5.0659     0.5052
    3799     5.0387     0.5361
    3802     5.0127     0.5440
    3805     5.1172     0.5747
    3808     5.0105     0.5278
    3811     5.0422     0.5538
    3814     5.0739     0.5443
    3817     5.0335     0.5191
    3820     5.0293     0.5489
    3823     5.0729     0.5938
    3826     5.0344     0.5222
    3829     5.0634     0.5452
    3832     5.0542     0.5627
    3835     5.0595     0.5617
    3838     5.0993     0.5607
    3841     5.1067     0.5654
    3844     5.1142     0.5702
    3847     5.0749     0.5776
    3850     5.0596     0.5525
    3853     5.0772     0.5692
    3856     5.1105     0.5578
    3859     5.0399     0.5556
    3862     5.0533     0.5742
    3865     5.0974     0.5352
    3868     5.0806     0.5185
    3871     5.0604     0.5047
    3874     5.0402     0.5534
    3877     5.0985     0.5723
    3880     5.0712     0.5509
    3883     5.0810     0.5660
    3886     5.1154     0.5537
    3889     5.1252     0.5688
    3892     5.0919     0.5011
    3895     5.0775     0.5382
    3898     5.1029     0.5713
    3901     5.0938     0.5552
    3904     5.0846     0.5390
    3907     5.1119     0.5568
    3910     5.0766     0.5201
    3913     5.1328     0.5835
    3916     5.0554     0.4952
    3919     5.0698     0.5068
    3922     5.0684     0.5260
    3925     5.0882     0.5267
    3928     5.0285     0.5274
    3931     5.0617     0.5281
    3934     5.0949     0.5288
    3937     5.0921     0.5295
    3940     5.1560     0.5302
    3943     5.1497     0.5309
    3946     5.0925     0.4927
    3949     5.1317     0.5214
    3952     5.1024     0.5150
    3955     5.0586     0.5040
    3958     5.1198     0.5289
    3961     5.0516     0.5015
    3964     4.9834     0.4741
    3967     5.0583     0.5093
    3970     5.0776     0.5306
    3973     5.0732     0.5306
    3976     5.1157     0.5306
    3979     5.0926     0.5374
    3982     5.0986     0.4966
    3985     5.0941     0.5085
    3988     5.0981     0.5101
    3991     5.0811     0.5144
    3994     5.0642     0.5061
    3997     5.1179     0.5456
    4000     5.0889     0.5613
    4003     5.0805     0.5042
    4006     5.0396     0.5582
    4009     5.1024     0.5104
    4012     5.1061     0.5543
    4015     5.1530     0.5644
    4018     4.9685     0.5473
    4021     5.0124     0.5303
    4024     5.0564     0.5132
    4027     5.0903     0.4961
    4030     5.0913     0.5433
    4033     5.1025     0.5240
    4036     5.0852     0.5173
    4039     5.1092     0.5104
    4042     5.0932     0.5234
    4045     5.0519     0.4985
    4048     5.1011     0.4936
    4051     5.0679     0.5075
    4054     5.0991     0.5215
    4057     5.0818     0.5093
    4060     5.1277     0.5674
    4063     5.0147     0.5157
    4066     5.0658     0.5548
    4069     5.0964     0.5667
    4072     5.0708     0.5539
    4075     5.0797     0.5445
    4078     5.0886     0.5351
    4081     5.0910     0.5310
    4084     5.0933     0.5270
    4087     5.1049     0.5427
    4090     5.0475     0.5036
    4093     5.0705     0.5679
    4096     5.0787     0.5597
    4099     5.0634     0.5597
    4102     5.0381     0.5598
    4105     5.1165     0.5599
    4108     5.0610     0.5599
    4111     5.0857     0.5600
    4114     5.1103     0.5600
    4117     5.1576     0.5601
    4120     5.0562     0.5177
    4123     5.1077     0.5299
    4126     5.0626     0.5323
    4129     5.0944     0.5348
    4132     5.0620     0.5299
    4135     5.1217     0.5192
    4138     5.1619     0.5801
    4141     5.1615     0.5178
    4144     5.1612     0.5602
    4147     5.1303     0.5775
    4150     5.1280     0.5916
    4153     5.1055     0.5092
    4156     5.1206     0.5012
    4159     5.1332     0.5556
    4162     5.1264     0.5711
    4165     5.1020     0.5430
    4168     5.1637     0.5249
    4171     5.1318     0.5656
    4174     5.0998     0.6063
    4177     5.2788     0.6137
    4180     5.1816     0.6165
    4183     5.1105     0.5812
    4186     5.1635     0.6428
    4189     5.1377     0.6216
    4192     5.0169     0.6004
    4195     5.2593     0.6128
    4198     5.1971     0.6253
    4201     5.1457     0.6377
    4204     5.0942     0.6501
    4207     5.2051     0.6626
    4210     5.1882     0.6430
    4213     5.2580     0.6785
    4216     5.2025     0.6791
    4219     5.1238     0.6322
    4222     5.1192     0.6200
    4225     5.1774     0.6263
    4228     5.1662     0.6326
    4231     5.1963     0.6459
    4234     5.2264     0.6592
    4237     5.2206     0.6759
    4240     5.2268     0.6746
    4243     5.1599     0.6377
    4246     5.1932     0.6475
    4249     5.1967     0.6680
    4252     5.2415     0.6451
    4255     5.2278     0.6223
    4258     5.2530     0.6413
    4261     5.2383     0.6451
    4264     5.2236     0.6489
    4267     5.2651     0.6941
    4270     5.2367     0.6935
    4273     5.1532     0.6498
    4276     5.2693     0.6788
    4279     5.2911     0.7056
    4282     5.1817     0.6980
    4285     5.1660     0.6904
    4288     5.1697     0.6828
    4291     5.1725     0.6752
    4294     5.2071     0.6676
    4297     5.2537     0.6600
    4300     5.2004     0.6792
    4303     5.1988     0.6429
    4306     5.2082     0.6546
    4309     5.2103     0.7034
    4312     5.1825     0.6644
    4315     5.2474     0.6531
    4318     5.1913     0.6488
    4321     5.2210     0.6488
    4324     5.2507     0.6487
    4327     5.2131     0.6522
    4330     5.1805     0.6218
    4333     5.1451     0.6583
    4336     5.2464     0.6538
    4339     5.2086     0.6251
    4342     5.1401     0.6343
    4345     5.2388     0.6276
    4348     5.1893     0.6512
    4351     5.2338     0.6487
    4354     5.2247     0.6463
    4357     5.1875     0.6622
    4360     5.2097     0.6844
    4363     5.2294     0.6660
    4366     5.1863     0.6348
    4369     5.1637     0.6106
    4372     5.1078     0.6162
    4375     5.1004     0.6218
    4378     5.1700     0.6762
    4381     5.1893     0.6461
    4384     5.2086     0.6160
    4387     5.2069     0.6434
    4390     5.1938     0.6412
    4393     5.1792     0.6459
    4396     5.2035     0.6334
    4399     5.1707     0.6138
    4402     5.2275     0.6649
    4405     5.1446     0.6289
    4408     5.2025     0.6588
    4411     5.2100     0.6441
    4414     5.2174     0.6786
    4417     5.2150     0.7084
    4420     5.1707     0.6284
    4423     5.1328     0.6253
    4426     5.2909     0.6924
    4429     5.2088     0.6607
    4432     5.1213     0.6290
    4435     5.1608     0.6456
    4438     5.1570     0.7175
    4441     5.1548     0.6899
    4444     5.1171     0.6622
    4447     5.1708     0.6630
    4450     5.2104     0.6812
    4453     5.1075     0.6994
    4456     5.1813     0.7176
    4459     5.2552     0.7358
    4462     5.1888     0.7264
    4465     5.1924     0.7170
    4468     5.1494     0.7077
    4471     5.1712     0.6983
    4474     5.1931     0.7358
    4477     5.2315     0.6802
    4480     5.2774     0.7067
    4483     5.2201     0.7223
    4486     5.1750     0.6970
    4489     5.1706     0.6639
    4492     5.2359     0.7481
    4495     5.2353     0.7141
    4498     5.2814     0.7904
    4501     5.2129     0.7337
    4504     5.1443     0.7287
    4507     5.2534     0.7236
    4510     5.2129     0.7308
    4513     5.2333     0.7381
    4516     5.1878     0.7250
    4519     5.1981     0.7301
    4522     5.1670     0.7490
    4525     5.1694     0.7162
    4528     5.2363     0.7460
    4531     5.1908     0.7604
    4534     5.1452     0.7666
    4537     5.2159     0.7728
    4540     5.1967     0.7947
    4543     5.2897     0.8070
    4546     5.2337     0.7963
    4549     5.2625     0.7856
    4552     5.2059     0.7749
    4555     5.2506     0.7642
    4558     5.2099     0.7536
    4561     5.2157     0.7429
    4564     5.2216     0.7612
    4567     5.3241     0.7524
    4570     5.1606     0.7490
    4573     5.2542     0.7457
    4576     5.2356     0.7301
    4579     5.3099     0.7815
    4582     5.2644     0.8158
    4585     5.2624     0.7698
    4588     5.3300     0.7743
    4591     5.3047     0.7788
    4594     5.2793     0.7833
    4597     5.3914     0.8136
    4600     5.1861     0.7472
    4603     5.2715     0.7926
    4606     5.2467     0.7856
    4609     5.2547     0.7558
    4612     5.2917     0.7915
    4615     5.2891     0.7951
    4618     5.2445     0.7251
    4621     5.2471     0.7937
    4624     5.2498     0.7280
    4627     5.2460     0.8093
    4630     5.2871     0.7834
    4633     5.3123     0.8056
    4636     5.2852     0.8087
    4639     5.3346     0.8119
    4642     5.1798     0.7976
    4645     5.2449     0.7833
    4648     5.2682     0.7690
    4651     5.2031     0.7592
    4654     5.2947     0.7493
    4657     5.2414     0.7395
    4660     5.2222     0.7296
    4663     5.2860     0.7601
    4666     5.2259     0.7114
    4669     5.2755     0.7104
    4672     5.2796     0.7111
    4675     5.2912     0.7328
    4678     5.2795     0.6974
    4681     5.3292     0.7146
    4684     5.3789     0.7318
    4687     5.2455     0.7242
    4690     5.2669     0.7165
    4693     5.2652     0.7089
    4696     5.3375     0.7279
    4699     5.2529     0.7207
    4702     5.2705     0.6979
    4705     5.2660     0.7332
    4708     5.3101     0.7347
    4711     5.3198     0.7362
    4714     5.3296     0.7377
    4717     5.2628     0.7183
    4720     5.3204     0.7431
    4723     5.2697     0.7083
    4726     5.3199     0.7008
    4729     5.2796     0.6932
    4732     5.2966     0.6856
    4735     5.2993     0.6781
    4738     5.2753     0.6970
    4741     5.2777     0.6816
    4744     5.2801     0.6663
    4747     5.3188     0.6509
    4750     5.3073     0.7110
    4753     5.2934     0.6831
    4756     5.2612     0.6552
    4759     5.1872     0.6689
    4762     5.2881     0.6826
    4765     5.3309     0.6999
    4768     5.3192     0.7136
    4771     5.2935     0.7008
    4774     5.2679     0.6881
    4777     5.2352     0.6753
    4780     5.2663     0.6626
    4783     5.2812     0.6616
    4786     5.2909     0.6752
    4789     5.3139     0.6964
    4792     5.3006     0.7177
    4795     5.2429     0.6632
    4798     5.3443     0.6996
    4801     5.3158     0.6932
    4804     5.2874     0.6867
    4807     5.3451        NaN
    4810     5.3024        NaN
    4813     5.2968        NaN
    4816     5.3160        NaN
    4819     5.3541        NaN
    4822     5.3373        NaN
    4825     5.3136        NaN
    4828     5.4216        NaN
    4831     5.3503        NaN
    4834     5.2789     0.7170
    4837     5.2798     0.7536
    4840     5.3372     0.7403
    4843     5.3112     0.7426
    4846     5.3174     0.7091
    4849     5.3568     0.7435
    4852     5.3458     0.7341
    4855     5.3423     0.7477
    4858     5.3592     0.7661
    4861     5.3545     0.7239
    4864     5.3498     0.7530
    4867     5.3912     0.7644
    4870     5.3557     0.7581
    4873     5.3629     0.7518
    4876     5.3330     0.7231
    4879     5.3640     0.7360
    4882     5.4222     0.7355
    4885     5.3426     0.7172
    4888     5.4023     0.7297
    4891     5.3889     0.7255
    4894     5.3755     0.7181
    4897     5.4006     0.7379
    4900     5.3808     0.7012
    4903     5.4384     0.6974
    4906     5.3389     0.6937
    4909     5.4014     0.6900
    4912     5.3997     0.6863
    4915     5.3804     0.7143
    4918     5.4582     0.7347
    4921     5.4337     0.7335
    4924     5.4091     0.7323
    4927     5.4140     0.6765
    4930     5.3787     0.6983
    4933     5.4057     0.6950
    4936     5.4192     0.7240
    4939     5.4746     0.7184
    4942     5.4235     0.7035
    4945     5.3948     0.6916
    4948     5.4514     0.6889
    4951     5.4436     0.6861
    4954     5.4357     0.6834
    4957     5.4103     0.6807
    4960     5.4409     0.7213
    4963     5.4184     0.6515
    4966     5.4025     0.6800
    4969     5.4262     0.7029
    4972     5.4427     0.6908
    4975     5.4591     0.6788
    4978     5.4000     0.6646
    4981     5.4249     0.6888
    4984     5.4499     0.7130
    4987     5.4670     0.7064
    4990     5.3895     0.6999
    4993     5.4093     0.6933
    4996     5.3971     0.6868
    4999     5.3957     0.6802
    5002     5.4560     0.6737
    5005     5.4345     0.6671
    5008     5.4605     0.7194
    5011     5.4539     0.7193
    5014     5.4474     0.7193
    5017     5.4645     0.7305
    5020     5.4673     0.7417
    5023     5.5442     0.7285
    5026     5.5013     0.7491
    5029     5.4396     0.7697
    5032     5.5236     0.7903
    5035     5.3897     0.7043
    5038     5.4290     0.7601
    5041     5.4515     0.7664
    5044     5.4740     0.7727
    5047     5.4758     0.7979
    5050     5.4788     0.7850
    5053     5.3800     0.7720
    5056     5.4793     0.7692
    5059     5.4545     0.7863
    5062     5.4593     0.7858
    5065     5.4387     0.7395
    5068     5.4838     0.8063
    5071     5.4705     0.8109
    5074     5.4572     0.7805
    5077     5.4510     0.8571
    5080     5.4946     0.8380
    5083     5.5125     0.8021
    5086     5.4770     0.8199
    5089     5.3843     0.8377
    5092     5.4752     0.8555
    5095     5.4644     0.8308
    5098     5.4761     0.8372
    5101     5.4668     0.8435
    5104     5.4575     0.8499
    5107     5.4800     0.8519
    5110     5.4225     0.8606
    5113     5.4060     0.8506
    5116     5.4188     0.8437
    5119     5.4199     0.8394
    5122     5.4667     0.8543
    5125     5.4441     0.8486
    5128     5.4966     0.9012
    5131     5.4595     0.8414
    5134     5.4225     0.8509
    5137     5.3691     0.7930
    5140     5.4725     0.8397
    5143     5.4727     0.8558
    5146     5.4844     0.8740
    5149     5.4620     0.8778
    5152     5.4415     0.8323
    5155     5.4818     0.8697
    5158     5.4558     0.8543
    5161     5.4790     0.8390
    5164     5.5022     0.8237
    5167     5.4869     0.8407
    5170     5.5128     0.8372
    5173     5.5265     0.8336
    5176     5.4865     0.8301
    5179     5.5883     0.8266
    5182     5.5224     0.8230
    5185     5.5321     0.8463
    5188     5.4919     0.8574
    5191     5.5069     0.8389
    5194     5.5220     0.8203
    5197     5.5201     0.8129
    5200     5.4798     0.7829
    5203     5.4589     0.7676
    5206     5.5915     0.8245
    5209     5.4914     0.8499
    5212     5.5554     0.8752
    5215     5.4816     0.8710
    5218     5.5450     0.8669
    5221     5.5394     0.8182
    5224     5.5337     0.8228
    5227     5.5726     0.8408
    5230     5.5361     0.8536
    5233     5.5523     0.8254
    5236     5.4993     0.7972
    5239     5.4979     0.8115
    5242     5.5470     0.8257
    5245     5.5724     0.8399
    5248     5.5474     0.8810
    5251     5.5641     0.8302
    5254     5.5808     0.8518
    5257     5.5929     0.8329
    5260     5.5878     0.8232
    5263     5.5178     0.8008
    5266     5.6076     0.8231
    5269     5.6204     0.8211
    5272     5.6332     0.8326
    5275     5.6460     0.8190
    5278     5.6030     0.8255
    5281     5.5946     0.8097
    5284     5.5861     0.7939
    5287     5.6503     0.8267
    5290     5.6434     0.8149
    5293     5.5155     0.7767
    5296     5.5509     0.8064
    5299     5.4848     0.8079
    5302     5.4607     0.7811
    5305     5.5635     0.8109
    5308     5.5952     0.8368
    5311     5.5788     0.8310
    5314     5.5625     0.8252
    5317     5.6038     0.8621
    5320     5.5458     0.8476
    5323     5.5593     0.8330
    5326     5.4918     0.8056
    5329     5.5563     0.8077
    5332     5.5654     0.8244
    5335     5.5158     0.8077
    5338     5.5516     0.8400
    5341     5.5493     0.8544
    5344     5.5470     0.8689
    5347     5.5641     0.8645
    5350     5.4964     0.8539
    5353     5.5507     0.8572
    5356     5.4593     0.8606
    5359     5.5558     0.8639
    5362     5.6406     0.8796
    5365     5.5519     0.8952
    5368     5.5211     0.8442
    5371     5.4993     0.8458
    5374     5.4774     0.8475
    5377     5.5177     0.8492
    5380     5.5580     0.8509
    5383     5.5178     0.8600
    5386     5.4864     0.8691
    5389     5.5434     0.8783
    5392     5.4949     0.8907
    5395     5.5514     0.9032
    5398     5.5740     0.9156
    5401     5.5552     0.9652
    5404     5.5364     0.9567
    5407     5.5927     0.9483
    5410     5.5534     0.9412
    5413     5.5306     0.9891
    5416     5.5694     0.9986
    5419     5.5359     0.9702
    5422     5.5981     0.9950
    5425     5.5484     0.9966
    5428     5.5661     0.9983
    5431     5.5473     1.0000
    5434     5.5285     0.9783
    5437     5.5254     1.0486
    5440     5.5681     1.0033
    5443     5.5752     1.0269
    5446     5.5444     1.0506
    5449     5.5004     1.0155
    5452     5.5423     1.0367
    5455     5.6004     1.0100
    5458     5.6412     1.0570
    5461     5.6062     1.0709
    5464     5.5712     1.0849
    5467     5.6146     1.0719
    5470     5.5920     1.0858
    5473     5.5725     1.0692
    5476     5.5434     1.0526
    5479     5.5432     1.0636
    5482     5.5715     1.0747
    5485     5.5710     1.0786
    5488     5.5995     1.0776
    5491     5.6012     1.0869
    5494     5.6030     1.0963
    5497     5.6306     1.1056
    5500     5.4921     1.0749
    5503     5.5627     1.0442
    5506     5.5952     1.0651
    5509     5.5980     1.0860
    5512     5.5709     1.0948
    5515     5.5438     1.1037
    5518     5.5167     1.1125
    5521     5.5363     1.1214
    5524     5.5559     1.1302
    5527     5.4965     1.1391
    5530     5.5955     1.1479
    5533     5.6169     1.1546
    5536     5.6025     1.1700
    5539     5.6127     1.1318
    5542     5.5770     1.1237
    5545     5.6219     1.1102
    5548     5.5498     1.0967
    5551     5.5588     1.0832
    5554     5.5678     1.0697
    5557     5.6262     1.0562
    5560     5.6160     1.1291
    5563     5.5390     1.0024
    5566     5.6645     1.0574
    5569     5.5975     0.9942
    5572     5.5877     1.0106
    5575     5.7079     1.0360
    5578     5.6463     1.0195
    5581     5.6622     1.0226
    5584     5.6781     1.0256
    5587     5.6665     1.0061
    5590     5.6502     0.9866
    5593     5.6177     0.9671
    5596     5.5667     1.0419
    5599     5.5779     0.9507
    5602     5.6029     0.8596
    5605     5.6340     0.8655
    5608     5.5696     0.8714
    5611     5.6113     0.8693
    5614     5.6530     0.8673
    5617     5.6885     0.8652
    5620     5.6253     0.8631
    5623     5.6252     0.8611
    5626     5.7053     0.8870
    5629     5.7423     0.8709
    5632     5.6480     0.8650
    5635     5.6786     0.8590
    5638     5.6409     0.8585
    5641     5.6502     0.8215
    5644     5.6595     0.8471
    5647     5.6832     0.8263
    5650     5.7136     0.8718
    5653     5.6766     0.8164
    5656     5.6933     0.8183
    5659     5.6939     0.8236
    5662     5.6553     0.7914
    5665     5.6414     0.7985
    5668     5.6923     0.8374
    5671     5.7291     0.8411
    5674     5.7658     0.8263
    5677     5.7721     0.7816
    5680     5.7354     0.8452
    5683     5.7372     0.8483
    5686     5.8060     0.8274
    5689     5.7167        NaN
    5692     5.6880        NaN
    5695     5.7433        NaN
    5698     5.7498        NaN
    5701     5.7603        NaN
    5704     5.7708        NaN
    5707     5.7141        NaN
    5710     5.5540        NaN
    5713     5.7310        NaN
    5716     5.7428     0.9087
    5719     5.6876     0.8459
    5722     5.7003     0.8993
    5725     5.7237     0.9489
    5728     5.7505     0.9378
    5731     5.7596     0.9455
    5734     5.7687     0.9532
    5737     5.8265     0.9284
    5740     5.7920     0.9392
    5743     5.8494     0.9810
    5746     5.8099     0.9533
    5749     5.7438     0.9184
    5752     5.7781     0.9653
    5755     5.6765     0.9287
    5758     5.8396     1.0025
    5761     5.7884     0.9625
    5764     5.7372        NaN
    5767     5.7360        NaN
    5770     5.8461        NaN
    5773     5.7889        NaN
    5776     5.7427        NaN
    5779     5.7783        NaN
    5782     5.7438        NaN
    5785     5.7282        NaN
    5788     5.8079        NaN
    5791     5.8022        NaN
    5794     5.7965     1.0319
    5797     5.7348     1.0132
    5800     5.8541     1.0982
    5803     5.8872     1.1090
    5806     5.7964     1.0947
    5809     5.8165     1.1044
    5812     5.7103     1.0844
    5815     5.7410     1.0960
    5818     5.7939     1.1101
    5821     5.7701     1.1077
    5824     5.7463     1.1283
    5827     5.7642     1.1184
    5830     5.7975     1.1084
    5833     5.7360     1.0985
    5836     5.7589     1.1183
    5839     5.8107     1.1494
    5842     5.7908     1.1225
    5845     5.7770     1.1424
    5848     5.7374     1.1623
    5851     5.7679     1.1600
    5854     5.7983     1.1578
    5857     5.8316     1.1555
    5860     5.8199     1.1533
    5863     5.7137     1.1511
    5866     5.7739     1.1488
    5869     5.7755     1.1466
    5872     5.6977     1.1561
    5875     5.6993     1.1668
    5878     5.8627     1.1775
    5881     5.7218     1.1618
    5884     5.7871     1.1730
    5887     5.6829     1.1714
    5890     5.7902     1.1771
    5893     5.8487     1.1508
    5896     5.8295     1.1905
    5899     5.7933     1.1453
    5902     5.7651     1.1248
    5905     5.7904     1.1795
    5908     5.8064     1.1678
    5911     5.7557     1.2204
    5914     5.7050     1.1796
    5917     5.7437     1.1388
    5920     5.8402     1.1204
    5923     5.7790     1.1020
    5926     5.8077     1.0925
    5929     5.7534     1.0831
    5932     5.7095     1.0737
    5935     5.7407     1.0584
    5938     5.7324     1.0432
    5941     5.7666     1.1072
    5944     5.8009     1.1713
    5947     5.7892     1.0620
    5950     5.7435     1.0912
    5953     5.7819     1.1204
    5956     5.8117     1.0869
    5959     5.8039     1.0690
    5962     5.7206     1.0512
    5965     5.8320     1.0496
    5968     5.6585     1.0480
    5971     5.7176     1.0463
    5974     5.7767     1.0447
    5977     5.8358     1.0471
    5980     5.8367     1.0440
    5983     5.8250     1.0181
    5986     5.8041     1.0234
    5989     5.8914     1.0126
    5992     5.8727     1.0048
    5995     5.8215     0.9413
    5998     5.8242     0.9507
    6001     5.8269     0.9602
    6004     5.8297     0.9696
    6007     5.8324     0.9791
    6010     5.8352     0.9885
    6013     5.8401     0.9775
    6016     5.8534     0.9778
    6019     5.8170     0.9689
    6022     5.8319     0.9600
    6025     5.9084     0.9656
    6028     5.8761     0.9505
    6031     5.8605     0.9669
    6034     5.8450     0.9833
    6037     5.8604     0.9443
    6040     5.8957     0.9697
    6043     5.8992     0.9951
    6046     5.8753     0.9672
    6049     5.8041     0.9392
    6052     5.8381     0.9301
    6055     5.8102     0.9352
    6058     5.7751     0.9733
    6061     5.7862     0.9540
    6064     5.7974     0.9346
    6067     5.9260     0.9893
    6070     5.8528     1.0440
    6073     5.7218     1.0184
    6076     5.8812     0.9928
    6079     5.8772     1.0009
    6082     5.8893     1.0090
    6085     5.9052     1.0154
    6088     5.8741     1.0297
    6091     5.8745     0.9921
    6094     5.8749     1.0079
    6097     5.8374     0.9799
    6100     5.9107     1.0299
    6103     5.8822     1.0302
    6106     5.9239     1.0412
    6109     5.8465     1.0311
    6112     5.8959     1.0210
    6115     5.8837     0.9826
    6118     5.8198     0.9658
    6121     5.8685     0.9446
    6124     5.9172     1.0372
    6127     5.8607     0.9888
    6130     5.8694     1.0104
    6133     5.8181     1.0321
    6136     5.9301     1.0538
    6139     5.8532     1.0185
    6142     5.8854     1.0100
    6145     5.8642     1.0016
    6148     5.8407     1.0279
    6151     5.9067     1.0400
    6154     5.8415     1.0521
    6157     5.9121     1.0579
    6160     5.8491     1.0637
    6163     5.8423     1.0694
    6166     5.8476     1.0752
    6169     5.8232     1.0448
    6172     5.7797     1.0598
    6175     5.8298     1.0624
    6178     5.9168     1.0766
    6181     5.8498     1.0908
    6184     5.8887     1.1049
    6187     5.8857     1.0955
    6190     5.8300     1.0762
    6193     5.8719     1.0870
    6196     5.7741     1.0978
    6199     5.9389     1.1086
    6202     5.8524     1.0531
    6205     5.9422     1.1557
    6208     5.8907     1.1526
    6211     5.9066     1.1496
    6214     5.9224     1.1466
    6217     5.9345     1.0754
    6220     5.8978     1.1275
    6223     5.8747     1.1369
    6226     5.8143     1.1462
    6229     5.8856     1.0952
    6232     5.8641     1.1126
    6235     5.9430     1.1301
    6238     5.9386     1.1327
    6241     5.8979     1.1353
    6244     5.8859     1.1379
    6247     5.8156     1.1405
    6250     5.8354     1.1431
    6253     5.9593     1.1457
    6256     5.9466     1.1934
    6259     5.9215     1.1289
    6262     5.9275     1.1216
    6265     5.9159     1.1751
    6268     5.9362     1.1775
    6271     5.9459     1.1831
    6274     5.9557     1.1887
    6277     5.8692     1.1839
    6280     5.9472     1.1792
    6283     5.8206     1.1617
    6286     5.9096     1.1442
    6289     5.9135     1.1429
    6292     6.0222     1.2005
    6295     5.9295     1.1807
    6298     5.8567     1.1831
    6301     5.9082     1.1856
    6304     5.9596     1.1880
    6307     6.0188     1.1905
    6310     5.9287     1.0915
    6313     5.9572     1.0992
    6316     6.0523     1.1731
    6319     6.0242     1.1448
    6322     6.0369     1.1665
    6325     6.0548     1.1907
    6328     5.8981     1.1758
    6331     5.9605     1.1608
    6334     6.0229     1.1459
    6337     5.9463     1.1349
    6340     6.0059     1.0542
    6343     6.0453     1.1235
    6346     5.9709     1.0601
    6349     6.0109     1.1159
    6352     5.9920     1.1096
    6355     6.0441     1.1074
    6358     6.0332     1.1042
    6361     6.0430     1.1102
    6364     6.0528     1.1162
    6367     6.1230     1.0930
    6370     6.0724     1.0874
    6373     6.0950     1.0377
    6376     6.1003     1.1082
    6379     6.0439     1.0391
    6382     5.9946     1.0123
    6385     6.0191     1.0681
    6388     6.0621     1.0734
    6391     6.0673     1.0695
    6394     6.0725     1.0657
    6397     6.1456     1.0619
    6400     6.0590     1.0146
    6403     6.0734     1.0244
    6406     6.0526     1.0341
    6409     6.0671     1.0363
    6412     6.0549     1.0385
    6415     6.0931     1.0368
    6418     6.0896     1.0351
    6421     6.0999     1.0334
    6424     6.1101     1.0317
    6427     6.1045     1.0108
    6430     6.0738     0.9899
    6433     6.1320     0.9906
    6436     6.1045     0.9913
    6439     6.1107     1.0156
    6442     6.1089     1.0170
    6445     6.0926     1.0192
    6448     6.1045     1.0214
    6451     6.0835     1.0120
    6454     6.0624     1.0025
    6457     6.1860     1.0573
    6460     6.0480     1.0146
    6463     6.0248     1.0268
    6466     6.2004     1.0767
    6469     6.0533     1.0419
    6472     6.0510     1.0219
    6475     6.0544     1.0442
    6478     6.0563     1.0199
    6481     6.0829     1.0539
    6484     6.1094     1.0878
    6487     6.1187     1.1076
    6490     6.1007     1.0573
    6493     6.0459     1.0460
    6496     6.0526     1.0837
    6499     6.1253     1.0931
    6502     6.1786     1.1025
    6505     6.1264     1.1119
    6508     6.0288     1.1180
    6511     6.0709     1.1241
    6514     6.1130     1.1302
    6517     6.0374     1.1061
    6520     6.0932     1.1125
    6523     6.0960     1.1081
    6526     6.0417     1.1036
    6529     6.1297     1.1231
    6532     6.0743     1.1728
    6535     6.0431     1.1202
    6538     6.0263     1.1133
    6541     6.0415     1.1262
    6544     6.0566     1.1391
    6547     6.0089     1.1506
    6550     5.9530     1.1622
    6553     6.0325     1.1738
    6556     6.0784     1.1854
    6559     6.0918     1.2042
    6562     6.0637     1.1207
    6565     6.0599     1.2165
    6568     6.1418     1.1973
    6571     6.0823     1.1498
    6574     6.0228     1.1448
    6577     6.0720     1.1335
    6580     6.0915     1.1603
    6583     6.0485     1.1786
    6586     6.0614     1.1870
    6589     6.0250     1.1954
    6592     6.0334     1.1687
    6595     6.0462     1.1646
    6598     6.0719     1.1605
    6601     5.9909     1.1564
    6604     5.9099     1.1523
    6607     6.0379     1.1482
    6610     6.0680     1.1395
    6613     5.9663     1.1738
    6616     6.0704     1.2081
    6619     6.0346     1.1361
    6622     5.9496     1.1380
    6625     6.0089     1.1400
    6628     6.0228     1.1309
    6631     6.0026     1.1038
    6634     5.9824     1.0767
    6637     6.0146     1.0250
    6640     6.0307     1.1563
    6643     6.0149     1.1279
    6646     5.9879     1.0699
    6649     6.0428     1.1069
    6652     6.0524     1.1325
    6655     6.0675     1.1031
    6658     6.0135     1.1203
    6661     6.0193     1.1167
    6664     6.0250     1.1132
    6667     5.9595     1.0943
    6670     5.9804     1.0754
    6673     6.0709     1.0904
    6676     6.0881     1.1213
    6679     6.0810     1.1153
    6682     6.1116     1.1260
    6685     6.0607     1.0991
    6688     6.1115     1.0890
    6691     6.0910     1.0789
    6694     6.0705     1.0689
    6697     6.0964     1.0423
    6700     6.0917     1.1016
    6703     6.1298     1.0965
    6706     6.0974     1.0766
    6709     6.1200     1.0727
    6712     6.1460     1.0812
    6715     6.1096     1.1125
    6718     6.1271     1.0735
    6721     6.1099     1.0659
    6724     6.0927     1.0582
    6727     6.1186     1.0774
    6730     6.1416     1.0702
    6733     6.1191     1.0651
    6736     6.0871     1.0504
    6739     6.0775     1.0440
    6742     6.0994     1.0700
    6745     6.0865     1.0582
    6748     6.1000     1.0047
    6751     6.0890     1.0249
    6754     6.0780     1.0452
    6757     5.9746     1.0626
    6760     6.1088     1.0603
    6763     6.0933     0.9885
    6766     6.1210     1.0662
    6769     6.0820     0.9999
    6772     6.0827     1.0197
    6775     6.1527     1.0395
    6778     6.1420     1.0809
    6781     6.1313     1.0827
    6784     6.1206     1.0845
    6787     6.1099     1.0646
    6790     6.0992     1.0491
    6793     6.1379     1.0650
    6796     6.2003     1.0806
    6799     6.1303     1.0510
    6802     6.1873     1.0882
    6805     6.1814     1.0139
    6808     6.1074     1.0452
    6811     6.1376     1.0441
    6814     6.1678     1.0430
    6817     6.1059     1.0649
    6820     6.1676     1.0869
    6823     6.1555     1.0693
    6826     6.1813     1.0609
    6829     6.1770     1.0952
    6832     6.1605     1.0598
    6835     6.0573     1.0417
    6838     6.2380     1.1235
    6841     6.1796     1.1199
    6844     6.1212     1.1163
    6847     6.2080     1.1410
    6850     6.1428     1.1147
    6853     6.0891     1.1294
    6856     6.0988     1.0910
    6859     6.1622     1.1437
    6862     6.1044     1.1098
    6865     6.1522     1.1672
    6868     6.0991     1.1669
    6871     6.1331     1.1371
    6874     6.1671     1.2142
    6877     6.0789     1.1978
    6880     6.1497     1.2047
    6883     6.1213     1.1683
    6886     6.1191     1.1742
    6889     6.1704     1.1979
    6892     6.1254     1.1883
    6895     6.0979     1.2115
    6898     6.0894     1.1980
    6901     6.1215     1.2295
    6904     6.1537     1.2611
    6907     6.1196     1.2295
    6910     6.1740     1.2481
    6913     6.0571     1.2541
    6916     6.0800     1.2602
    6919     6.1586     1.2662
    6922     6.0732     1.2250
    6925     6.1210     1.2904
    6928     6.1535     1.3557
    6931     6.1380     1.2927
    6934     6.1452     1.2857
    6937     6.0236     1.2787
    6940     6.0721     1.2717
    6943     6.0033     1.2908
    6946     6.1928     1.2985
    6949     6.0252     1.3063
    6952     6.0444     1.3141
    6955     6.1033     1.3218
    6958     6.1248     1.3296
    6961     6.1092     1.3072
    6964     6.0836     1.2847
    6967     6.1317     1.2825
    6970     6.0468     1.2802
    6973     6.1344     1.2917
    6976     6.0915     1.3033
    6979     6.3914     1.3291
    6982     6.1166     1.3224
    6985     6.1077     1.3305
    6988     6.1204     1.2826
    6991     6.0405     1.2689
    6994     6.0765     1.3291
    6997     6.1205     1.3248
    7000     6.1260     1.2676
    7003     6.0295     1.2970
    7006     6.1441     1.3265
    7009     6.0719     1.2906
    7012     6.1237     1.2730
    7015     6.1159     1.2760
    7018     6.1088     1.2790
    7021     6.1363     1.2821
    7024     6.1638     1.2851
    7027     6.1181     1.2333
    7030     6.0890     1.2629
    7033     6.1288     1.2384
    7036     6.1024     1.2139
    7039     6.0841     1.2322
    7042     6.1623     1.2505
    7045     6.1920     1.2688
    7048     6.1672     1.2114
    7051     6.1735     1.1966
    7054     6.1797     1.1817
    7057     6.1476     1.2102
    7060     6.1920     1.2124
    7063     6.1753     1.2045
    7066     6.1957     1.1966
    7069     6.1732     1.2098
    7072     6.1511     1.1848
    7075     6.1740     1.1598
    7078     6.1805     1.1348
    7081     6.1886     1.1239
    7084     6.1967     1.1131
    7087     6.1972     1.1578
    7090     6.2038     1.1989
    7093     6.1858     1.0911
    7096     6.2272     1.1507
    7099     6.1509     1.1580
    7102     6.2275     1.1081
    7105     6.1573     1.1028
    7108     6.1983     1.1711
    7111     6.2393     1.2395
    7114     6.2802     1.3078
    7117     6.2530     1.3172
    7120     6.2162     1.3032
    7123     6.2554     1.2982
    7126     6.2315     1.2798
    7129     6.1998     1.2614
    7132     6.2165     1.2493
    7135     6.2561     1.2331
    7138     6.2142     1.2169
    7141     6.2347     1.2798
    7144     6.2553     1.2783
    7147     6.2045     1.2180
    7150     6.2699     1.2438
    7153     6.2705     1.2352
    7156     6.2291     1.2023
    7159     6.1635     1.1960
    7162     6.2341     1.1897
    7165     6.1264     1.1860
    7168     6.1610     1.1823
    7171     6.2102     1.1787
    7174     6.2594     1.1750
    7177     6.2808     1.1713
    7180     6.2568     1.1453
    7183     6.3305     1.2448
    7186     6.2767     1.1975
    7189     6.3341     1.2548
    7192     6.2378     1.1488
    7195     6.2088     1.1503
    7198     6.2039     1.1519
    7201     6.1659     1.1800
    7204     6.1280     1.2081
    7207     6.3251     1.2362
    7210     6.2158     1.1978
    7213     6.2945     1.1595
    7216     6.2505     1.1913
    7219     6.2198     1.1874
    7222     6.2515     1.1835
    7225     6.2256     1.1795
    7228     6.2353     1.1402
    7231     6.2258     1.1270
    7234     6.2164     1.1137
    7237     6.1465     1.0921
    7240     6.2097     1.1562
    7243     6.2313     1.1621
    7246     6.2323     1.1751
    7249     6.2236     1.1559
    7252     6.2425     1.1724
    7255     6.2385     1.1482
    7258     6.2514     1.1823
    7261     6.2408     1.1860
    7264     6.2301     1.1897
    7267     6.1835     1.1935
    7270     6.1903     1.1972
    7273     6.2135     1.2002
    7276     6.2021     1.2431
    7279     6.1952     1.2489
    7282     6.1668     1.1958
    7285     6.2369     1.2709
    7288     6.1797     1.2152
    7291     6.1974     1.2292
    7294     6.2151     1.2433
    7297     6.1570     1.2529
    7300     6.1402     1.2510
    7303     6.0656     1.2585
    7306     6.0921     1.2660
    7309     6.1414     1.2735
    7312     6.1345     1.2810
    7315     6.0998     1.2885
    7318     6.1422     1.2959
    7321     6.1278     1.3034
    7324     6.0937     1.2868
    7327     6.2179     1.3312
    7330     6.1270     1.2924
    7333     6.1641     1.3465
    7336     6.1420     1.3021
    7339     6.1833     1.3418
    7342     6.1589     1.3231
    7345     6.0428     1.3043
    7348     6.0151     1.2856
    7351     6.0939     1.3006
    7354     6.1727     1.3155
    7357     6.1080     1.3060
    7360     6.2126     1.2848
    7363     6.1397     1.2635
    7366     6.1819     1.2845
    7369     6.1796     1.3301
    7372     6.1766     1.2995
    7375     6.1620     1.2998
    7378     6.1430     1.3002
    7381     6.1685     1.3005
    7384     6.1939     1.3008
    7387     6.2544     1.2882
    7390     6.2006     1.3008
    7393     6.1120     1.2904
    7396     6.1682     1.2801
    7399     6.1922     1.2691
    7402     6.1700     1.2849
    7405     6.1586     1.3029
    7408     6.2342     1.3063
    7411     6.2410     1.2889
    7414     6.2477     1.3189
    7417     6.2388     1.2752
    7420     6.1413     1.2238
    7423     6.2024     1.2346
    7426     6.1405     1.2605
    7429     6.1858     1.2515
    7432     6.1981     1.2588
    7435     6.2058     1.2628
    7438     6.2182     1.2498
    7441     6.2274     1.2528
    7444     6.2367     1.2559
    7447     6.2250     1.2126
    7450     6.2697     1.2618
    7453     6.2464     1.2005
    7456     6.2778     1.2420
    7459     6.2101     1.2015
    7462     6.2050     1.2348
    7465     6.1999     1.1975
    7468     6.2197     1.2038
    7471     6.2339     1.1457
    7474     6.2482     1.1886
    7477     6.2761     1.2316
    7480     6.2374     1.1992
    7483     6.1844     1.1873
    7486     6.2370     1.1638
    7489     6.2760     1.1931
    7492     6.2848     1.2218
    7495     6.2593     1.1768
    7498     6.2562     1.1919
    7501     6.2583     1.1866
    7504     6.2604     1.1813
    7507     6.3110     1.2146
    7510     6.2726     1.2268
    7513     6.2270     1.2017
    7516     6.2808     1.2357
    7519     6.2014     1.1962
    7522     6.3067     1.2074
    7525     6.2464     1.2299
    7528     6.2910     1.2831
    7531     6.2559     1.2474
    7534     6.2207     1.2116
    7537     6.3096     1.2168
    7540     6.2868     1.2400
    7543     6.2115     1.2027
    7546     6.3184     1.2044
    7549     6.2720     1.2062
    7552     6.2801     1.2079
    7555     6.3120     1.2776
    7558     6.2763     1.2558
    7561     6.2809     1.2444
    7564     6.2854     1.2331
    7567     6.2715     1.1957
    7570     6.2487     1.1966
    7573     6.3308     1.2902
    7576     6.3148     1.2616
    7579     6.2851     1.2430
    7582     6.3086     1.2647
    7585     6.2566     1.2624
    7588     6.3124     1.2496
    7591     6.3159     1.2574
    7594     6.3195     1.2652
    7597     6.2620     1.2587
    7600     6.3572     1.2977
    7603     6.2822     1.3097
    7606     6.2742     1.2762
    7609     6.3057     1.3194
    7612     6.2806     1.2920
    7615     6.2201     1.2940
    7618     6.2743     1.3094
    7621     6.3056     1.3095
    7624     6.3369     1.3462
    7627     6.2409     1.2980
    7630     6.2468     1.3080
    7633     6.2864     1.3508
    7636     6.2590     1.3113
    7639     6.2825     1.3396
    7642     6.2311     1.3011
    7645     6.3068     1.3367
    7648     6.2225     1.3506
    7651     6.2344     1.3383
    7654     6.2464     1.3333
    7657     6.2854     1.3292
    7660     6.2138     1.2859
    7663     6.2053     1.3497
    7666     6.1964     1.3287
    7669     6.2363     1.3256
    7672     6.2297     1.3189
    7675     6.2771     1.3300
    7678     6.2483     1.3154
    7681     6.2361     1.3084
    7684     6.2028     1.3014
    7687     6.2987     1.3889
    7690     6.2194     1.3481
    7693     6.2266     1.3398
    7696     6.2621     1.3456
    7699     6.2961     1.3278
    7702     6.2292     1.3282
    7705     6.2166     1.3182
    7708     6.2146     1.3487
    7711     6.2105     1.3394
    7714     6.2065     1.3304
    7717     6.2488     1.3096
    7720     6.2133     1.3118
    7723     6.2181     1.3141
    7726     6.1877     1.3164
    7729     6.2569     1.3186
    7732     6.1692     1.3209
    7735     6.2216     1.3232
    7738     6.1564     1.3255
    7741     6.1657     1.3277
    7744     6.1749     1.3300
    7747     6.2045     1.3267
    7750     6.2342     1.3234
    7753     6.2344     1.3169
    7756     6.2848     1.3219
    7759     6.2736     1.3634
    7762     6.2513     1.3004
    7765     6.2261     1.3050
    7768     6.2519     1.3312
    7771     6.2715     1.3187
    7774     6.2911     1.3061
    7777     6.2565     1.2915
    7780     6.2593     1.2972
    7783     6.2942     1.3043
    7786     6.2535     1.2666
    7789     6.2632     1.2889
    7792     6.2736     1.3300
    7795     6.2349     1.3002
    7798     6.2606     1.3028
    7801     6.2603     1.2592
    7804     6.2600     1.3073
    7807     6.2661     1.3031
    7810     6.2227     1.2811
    7813     6.3163     1.3114
    7816     6.2658     1.2863
    7819     6.2968     1.3157
    7822     6.2818     1.3230
    7825     6.2799     1.3283
    7828     6.2569     1.3009
    7831     6.2558     1.3171
    7834     6.2548     1.3333
    7837     6.3481     1.3186
    7840     6.3436     1.3720
    7843     6.2936     1.3396
    7846     6.3013     1.3406
    7849     6.3040     1.3431
    7852     6.3068     1.3456
    7855     6.3095     1.3480
    7858     6.3122     1.3505
    7861     6.3149     1.3530
    7864     6.3176     1.3554
    7867     6.3203     1.3579
    7870     6.3230     1.3603
    7873     6.3257     1.3628
    7876     6.3284     1.3653
    7879     6.3311     1.3677
    7882     6.3338     1.3702
    7885     6.3365     1.3727
    7888     6.3392     1.3751
    7891     6.3419     1.3776
    7894     6.3446     1.3801
    7897     6.3473     1.3825
    7900     6.3501     1.3850
