;Corrections to calculate VIRGO TSI from PMO6V or DIARAD level-1 data
;   values after Mission Day 7410 are extrapolated until 7438 (12:04:2016)
;   Mission Day 31.0 corresponds to 1 January 1996, 00 UTC
;   file written: Mon Mar 14 10:54:17 2016
;Algorism: VIRGO_TSI=(Rad_level_1+CorRad)*ratio_vir2Rad with Rad=PMO6V or DIARAD
;    CorRad is from table below and should be interpolated to MDay of Rad_level_1
;    if only PMO6V or DIARAD level2 are needed, no multiplication by ratio_vir2rad is needed
1.00024056 ;ratio_vir2PMO6V (f10.8)
0.99976416 ;ratio_vir2DIARAD (f10.8)
;Colums:  MissionDay, Cor_PMO6V and Cor_DIARAD formated as (i8,2f11.4)
      58    -0.3598    -0.0835
      61    -0.4239    -0.0312
      64    -0.4981    -0.0016
      67    -0.4680     0.0054
      70    -0.4783    -0.0103
      73    -0.4143    -0.0222
      76    -0.3504    -0.0342
      79    -0.2864    -0.0163
      82    -0.2224    -0.0437
      85    -0.1585    -0.0098
      88    -0.2019    -0.0281
      91    -0.2434    -0.0294
      94    -0.1867    -0.0282
      97    -0.2020    -0.0121
     100    -0.2172    -0.0355
     103    -0.2325    -0.0589
     106    -0.1890    -0.0621
     109    -0.1259    -0.0200
     112    -0.1480     0.0165
     115    -0.2096    -0.0260
     118    -0.1513    -0.0670
     121    -0.0930    -0.0551
     124    -0.1339    -0.0531
     127    -0.1748    -0.0472
     130    -0.1014    -0.0331
     133    -0.1001    -0.0569
     136    -0.1216    -0.0795
     139    -0.1431    -0.0948
     142    -0.1336    -0.0902
     145    -0.1241    -0.0791
     148    -0.0713    -0.0724
     151    -0.0500    -0.0552
     154    -0.1019    -0.0801
     157    -0.0914    -0.0892
     160    -0.0222    -0.0579
     163    -0.0197    -0.0433
     166     0.0112    -0.0703
     169    -0.0485    -0.1035
     172     0.0017    -0.0708
     175    -0.0077    -0.0641
     178     0.0457    -0.0443
     181     0.0481    -0.0546
     184     0.0488    -0.0858
     187     0.0438    -0.0561
     190     0.0389    -0.0779
     193     0.0707    -0.0808
     196     0.1612    -0.0399
     199     0.1500    -0.0617
     202     0.1695    -0.0542
     205     0.1636    -0.0559
     208     0.2414    -0.0380
     211     0.2765     0.0011
     214     0.2729    -0.0376
     217     0.2529    -0.0597
     220     0.2258    -0.0732
     223     0.1867    -0.0893
     226     0.2541    -0.0708
     229     0.2817    -0.0594
     232     0.3004    -0.0622
     235     0.2560    -0.0778
     238     0.2843    -0.0371
     241     0.3853    -0.0355
     244     0.3780    -0.0177
     247     0.4140    -0.0272
     250     0.3984    -0.0639
     253     0.3377    -0.0631
     256     0.4547    -0.0443
     259     0.4377    -0.0010
     262     0.4236    -0.0074
     265     0.4432    -0.0314
     268     0.4332    -0.0206
     271     0.4316    -0.0364
     274     0.4636    -0.0295
     277     0.4467    -0.0156
     280     0.5056    -0.0151
     283     0.5076     0.0404
     286     0.5097     0.0959
     289     0.5118     0.1514
     292     0.5130     0.2069
     295     0.5180     0.0911
     298     0.5488     0.0490
     301     0.5444    -0.0539
     304     0.5830    -0.0964
     307     0.5768    -0.1870
     310     0.5470    -0.2440
     313     0.6193    -0.2831
     316     0.5287    -0.3867
     319     0.5575    -0.4211
     322     0.6194    -0.4510
     325     0.6649     0.3316
     328     0.5575     0.2816
     331     0.6280     0.2354
     334     0.6167     0.2229
     337     0.7006     0.1919
     340     0.6998     0.1891
     343     0.7222     0.1471
     346     0.5763     0.0752
     349     0.7741     0.0699
     352     0.6713     0.0554
     355     0.7603     0.0703
     358     0.6514     0.0404
     361     0.7772     0.0411
     364     0.8210     0.0141
     367     0.8142    -0.0078
     370     0.8073    -0.0297
     373     0.7440    -0.0455
     376     0.8130    -0.0785
     379     0.8006    -0.0515
     382     0.7669    -0.1118
     385     0.7344    -0.1308
     388     0.7675    -0.1278
     391     0.8077    -0.0963
     394     0.8157    -0.1086
     397     0.8625    -0.1102
     400     0.8288    -0.1210
     403     0.8200    -0.1460
     406     0.8708    -0.1400
     409     0.8665    -0.1808
     412     0.8820    -0.1631
     415     0.8668    -0.1568
     418     0.8151    -0.1343
     421     0.8485    -0.1325
     424     0.8747    -0.1467
     427     0.8941    -0.1104
     430     0.9135    -0.1077
     433     0.9318    -0.0920
     436     0.8623    -0.1678
     439     0.9579    -0.1021
     442     0.8199    -0.1617
     445     0.8756    -0.1547
     448     0.9313    -0.1404
     451     0.9013    -0.1804
     454     0.9730    -0.1553
     457     1.0196    -0.1816
     460     0.9470    -0.2001
     463     0.9675    -0.1691
     466     0.9772    -0.1696
     469     0.9378    -0.2154
     472     0.9387    -0.2045
     475     0.9817    -0.2006
     478     1.0247    -0.1863
     481     1.0403    -0.2211
     484     1.0001    -0.2342
     487     1.0258    -0.2387
     490     1.0515    -0.1687
     493     1.0228    -0.2552
     496     1.0013    -0.2211
     499     0.9589    -0.2944
     502     1.0436    -0.2730
     505     1.0594    -0.2494
     508     1.0686    -0.2302
     511     1.0681    -0.2668
     514     1.0676    -0.2159
     517     1.0653    -0.2326
     520     1.0630    -0.2481
     523     1.0418    -0.2581
     526     1.0890    -0.2680
     529     1.1363    -0.2779
     532     1.1328    -0.2669
     535     1.1293    -0.2643
     538     1.1258    -0.2356
     541     1.1326    -0.3030
     544     1.1962    -0.2332
     547     1.1623    -0.2642
     550     1.1285    -0.2953
     553     1.1424    -0.2624
     556     1.1461    -0.2939
     559     1.1418    -0.2503
     562     1.1585    -0.3364
     565     1.1752    -0.2852
     568     1.1187    -0.3007
     571     1.1671    -0.3109
     574     1.1438    -0.2852
     577     1.1359    -0.3258
     580     1.1506    -0.2673
     583     1.1653    -0.3153
     586     1.1818    -0.3066
     589     1.1402    -0.3255
     592     1.1799    -0.2666
     595     1.2035    -0.3039
     598     1.1785    -0.3458
     601     1.1150    -0.3330
     604     1.2464    -0.3291
     607     1.2508    -0.3442
     610     1.2553    -0.2773
     613     1.1950    -0.3223
     616     1.1868    -0.2869
     619     1.1917    -0.3092
     622     1.2904    -0.3106
     625     1.2008    -0.3243
     628     1.2818    -0.2929
     631     1.1964    -0.3273
     634     1.2478    -0.3251
     637     1.2913    -0.2750
     640     1.3348    -0.2832
     643     1.3782    -0.2715
     646     1.3067    -0.3268
     649     1.3404    -0.2688
     652     1.2128    -0.3115
     655     1.2709    -0.2708
     658     1.3290    -0.2968
     661     1.2918    -0.2833
     664     1.2498    -0.2679
     667     1.3364    -0.2738
     670     1.2661    -0.2972
     673     1.3783    -0.2674
     676     1.3168    -0.3172
     679     1.3907    -0.2434
     682     1.3283    -0.2641
     685     1.4470    -0.2567
     688     1.3741    -0.2230
     691     1.2820    -0.2713
     694     1.4157    -0.2737
     697     1.3056    -0.2807
     700     1.3294    -0.2608
     703     1.3532    -0.2370
     706     1.3962    -0.2850
     709     1.4391    -0.2457
     712     1.5317    -0.2186
     715     1.4671    -0.2564
     718     1.4740    -0.2674
     721     1.4799    -0.2300
     724     1.4857    -0.2374
     727     1.4786    -0.2446
     730     1.4715    -0.2518
     733     1.5007    -0.2436
     736     1.4736    -0.2414
     739     1.5505    -0.2489
     742     1.5933    -0.2207
     745     1.5580    -0.2305
     748     1.5355    -0.2181
     751     1.5974    -0.2447
     754     1.5702    -0.2624
     757     1.6224    -0.1815
     760     1.5889    -0.2235
     763     1.5794    -0.2342
     766     1.5825    -0.1803
     769     1.6131    -0.2539
     772     1.6758    -0.1940
     775     1.6789    -0.2400
     778     1.7106    -0.2055
     781     1.6931    -0.2214
     784     1.6787    -0.2314
     787     1.6903    -0.2356
     790     1.7019    -0.2398
     793     1.7285    -0.2264
     796     1.7439    -0.2377
     799     1.7834    -0.2129
     802     1.7834    -0.2292
     805     1.7665    -0.2629
     808     1.7476    -0.2566
     811     1.7729    -0.2219
     814     1.7982    -0.2124
     817     1.8250    -0.2434
     820     1.8519    -0.2461
     823     1.8511    -0.2474
     826     1.8502    -0.2486
     829     1.8493    -0.2499
     832     1.8973    -0.2360
     835     1.8616    -0.2322
     838     1.9680    -0.1988
     841     1.9435    -0.2730
     844     1.9190    -0.2579
     847     1.8946    -0.2679
     850     1.8701    -0.2778
     853     1.9787    -0.2557
     856     2.0065    -0.2625
     859     1.9964    -0.2813
     862     1.9036    -0.3165
     865     2.0104    -0.2652
     868     2.0762    -0.2986
     871     2.0509    -0.2680
     874     2.0304    -0.2989
     877     2.0283    -0.2680
     880     2.1065    -0.2943
     883     2.1043    -0.3125
     886     2.1616    -0.2781
     889     2.1157    -0.3248
     892     2.1254    -0.2739
     895     2.0832    -0.3094
     898     2.1119    -0.3684
     901     2.1142    -0.3515
     904     2.1165    -0.3347
     907     2.2610    -0.2775
     910     2.2592    -0.2682
     913     2.1787    -0.3585
     916     2.2474    -0.3109
     919     2.2867    -0.3072
     922     2.2417    -0.3397
     925     2.1967    -0.3516
     928     2.2079    -0.3378
     931     2.2485    -0.3268
     934     2.2890    -0.3158
     937        NaN        NaN
     940        NaN        NaN
     943        NaN        NaN
     946        NaN        NaN
     949        NaN        NaN
     952        NaN        NaN
     955        NaN        NaN
     958        NaN        NaN
     961        NaN        NaN
     964        NaN        NaN
     967        NaN        NaN
     970        NaN        NaN
     973        NaN        NaN
     976        NaN        NaN
     979        NaN        NaN
     982        NaN        NaN
     985        NaN        NaN
     988        NaN        NaN
     991        NaN        NaN
     994        NaN        NaN
     997        NaN        NaN
    1000        NaN        NaN
    1003        NaN        NaN
    1006        NaN        NaN
    1009        NaN        NaN
    1012        NaN        NaN
    1015        NaN        NaN
    1018        NaN        NaN
    1021        NaN        NaN
    1024        NaN        NaN
    1027        NaN        NaN
    1030        NaN        NaN
    1033        NaN        NaN
    1036        NaN        NaN
    1039        NaN        NaN
    1042        NaN        NaN
    1045     2.3139     0.8856
    1048     2.2841     0.8424
    1051     2.2973     0.4506
    1054     2.3104     0.0587
    1057     2.2437     0.0546
    1060     2.3243     0.0931
    1063     2.2607     0.0595
    1066     2.3390     0.0252
    1069     2.3089     0.0677
    1072     2.3302     0.1081
    1075     2.1456     0.0633
    1078     2.3698     0.0450
    1081     2.3554     0.0467
    1084     2.3410     0.0485
    1087     2.3197     0.0201
    1090     2.3244     0.0444
    1093     2.2883     0.0319
    1096     2.3021     0.0641
    1099     2.2667     0.0925
    1102     2.4136     0.1186
    1105     2.3236     0.0252
    1108     2.3358     0.0725
    1111        NaN     0.0722
    1114        NaN        NaN
    1117        NaN        NaN
    1120        NaN        NaN
    1123        NaN        NaN
    1126        NaN        NaN
    1129        NaN        NaN
    1132        NaN        NaN
    1135        NaN        NaN
    1138        NaN        NaN
    1141        NaN        NaN
    1144        NaN        NaN
    1147        NaN        NaN
    1150        NaN        NaN
    1153        NaN        NaN
    1156        NaN        NaN
    1159        NaN        NaN
    1162        NaN     0.0409
    1165     2.5129     0.0926
    1168     2.4463     0.0574
    1171     2.4736     0.0572
    1174     2.5009     0.0570
    1177     2.5282     0.0568
    1180     2.5244     0.0621
    1183     2.6256     0.1164
    1186     2.5797     0.1027
    1189     2.6240     0.1014
    1192     2.5454     0.0974
    1195     2.6150     0.0862
    1198     2.5795     0.0930
    1201     2.5918     0.1293
    1204     2.6041     0.0857
    1207     2.5220     0.0677
    1210     2.5843     0.0924
    1213     2.6286     0.0986
    1216     2.5936     0.1203
    1219     2.5831     0.0498
    1222     2.5705     0.0836
    1225     2.6747     0.0784
    1228     2.7091     0.1677
    1231     2.6706     0.1325
    1234     2.6322     0.0973
    1237     2.6691     0.1098
    1240     2.6392     0.0814
    1243     2.6992     0.1097
    1246     2.7060     0.0684
    1249     2.7411     0.1337
    1252     2.7076     0.1295
    1255     2.7042     0.0851
    1258     2.7413     0.1132
    1261     2.7528     0.1107
    1264     2.7643     0.1083
    1267     2.8014     0.1116
    1270     2.8514     0.1574
    1273     2.7900     0.0972
    1276     2.8405     0.1347
    1279     2.8953     0.1433
    1282     2.8896     0.0792
    1285     2.8840     0.1222
    1288     2.8665     0.1149
    1291     2.9185     0.1491
    1294     2.9705     0.1833
    1297     2.8964     0.1548
    1300     2.9127     0.1313
    1303     2.9057     0.1354
    1306     2.9313     0.1516
    1309     2.9767     0.1331
    1312     2.9930     0.2203
    1315     3.0092     0.1749
    1318     2.9950     0.2336
    1321     2.9846     0.2014
    1324     2.9741     0.1691
    1327     2.9586     0.1508
    1330     2.9912     0.1787
    1333     3.0209     0.1451
    1336     3.0076     0.2004
    1339     2.9535     0.0983
    1342     2.9950     0.1702
    1345     3.0366     0.1426
    1348     3.0411     0.1437
    1351     3.0639     0.1681
    1354     3.0866     0.1924
    1357     3.1145     0.1912
    1360     3.0725     0.1691
    1363     3.0716     0.1981
    1366     3.0698     0.2335
    1369     3.0392     0.2013
    1372     3.1198     0.2260
    1375     3.0086     0.2193
    1378     3.0828     0.2212
    1381     3.0822     0.2053
    1384     3.0816     0.1893
    1387     3.1076     0.1753
    1390     3.1099     0.2141
    1393     3.0688     0.1311
    1396     3.0277     0.1515
    1399     3.0623     0.1691
    1402     3.0563     0.1795
    1405     3.1379     0.2151
    1408     3.0843     0.1388
    1411     3.1060     0.1263
    1414     3.0598     0.1138
    1417     3.1040     0.1760
    1420     3.1328     0.1479
    1423     3.1377     0.1568
    1426     3.1787     0.1770
    1429     3.1562     0.1412
    1432     3.1364     0.1642
    1435     3.2043     0.1954
    1438     3.1752     0.1873
    1441     3.1518     0.1458
    1444     3.1284     0.1044
    1447     3.1928     0.1551
    1450     3.2041     0.1543
    1453     3.1933     0.1204
    1456     3.1889     0.1442
    1459     3.2025        NaN
    1462     3.2160        NaN
    1465     3.2296        NaN
    1468     3.2255        NaN
    1471     3.1781        NaN
    1474     3.1308        NaN
    1477     3.2031        NaN
    1480     3.2172        NaN
    1483     3.1673        NaN
    1486     3.2611        NaN
    1489     3.2916        NaN
    1492     3.2879        NaN
    1495     3.2817     0.1309
    1498     3.3095     0.1435
    1501     3.3372     0.1560
    1504     3.3650     0.1686
    1507     3.2982     0.1027
    1510     3.3257     0.1342
    1513     3.2726     0.0835
    1516     3.2852     0.0673
    1519     3.3313     0.1133
    1522     3.2788     0.1055
    1525     3.3576     0.1168
    1528     3.3298     0.1445
    1531     3.3369     0.1264
    1534     3.3441     0.1083
    1537     3.3500     0.0773
    1540     3.3523     0.0602
    1543     3.3429     0.0686
    1546     3.4280     0.0992
    1549     3.4081     0.0492
    1552     3.4622     0.1115
    1555     3.3747     0.0613
    1558     3.4164     0.0873
    1561     3.3984     0.0733
    1564     3.3804     0.0582
    1567     3.4551     0.0931
    1570     3.4890     0.1139
    1573     3.5417     0.1389
    1576     3.4398     0.0669
    1579     3.5277     0.1455
    1582     3.5296     0.0659
    1585     3.5315     0.0774
    1588     3.4578     0.0912
    1591     3.5122     0.0929
    1594     3.5666     0.0947
    1597     3.5275     0.0865
    1600     3.4659     0.1029
    1603     3.4443     0.0454
    1606     3.5682     0.1069
    1609     3.4387     0.0812
    1612     3.5026     0.0842
    1615     3.5768     0.1132
    1618     3.6050     0.1383
    1621     3.5994     0.0734
    1624     3.5937     0.1310
    1627     3.5529     0.0701
    1630     3.5734     0.0817
    1633     3.6768     0.1444
    1636     3.6313     0.1343
    1639     3.6588     0.1537
    1642     3.5869     0.1210
    1645     3.6441     0.1355
    1648     3.6403     0.1339
    1651     3.6763     0.1435
    1654     3.7123     0.1530
    1657     3.7586     0.1686
    1660     3.6610     0.1483
    1663     3.6789     0.1031
    1666     3.6592     0.0653
    1669     3.7418     0.1399
    1672     3.7260     0.1650
    1675     3.7102     0.1138
    1678     3.7723     0.1297
    1681     3.7663     0.1385
    1684     3.7603     0.1473
    1687     4.1825     0.1573
    1690     3.8228     0.1357
    1693     3.8200     0.1122
    1696     3.8173     0.1315
    1699     3.8869     0.1495
    1702     3.8273     0.1343
    1705     3.8510     0.1300
    1708     3.7452     0.1004
    1711     3.7521     0.1094
    1714     3.7591     0.1184
    1717     3.8625     0.1482
    1720     3.8562     0.1418
    1723     3.8330     0.1076
    1726     3.7842     0.1037
    1729     3.7766     0.1277
    1732     3.7522     0.1228
    1735     3.8057     0.1038
    1738     3.7739     0.0911
    1741     3.8114     0.1073
    1744     3.7754     0.0626
    1747     3.8321     0.1278
    1750     3.7836     0.0695
    1753     3.7801     0.0322
    1756     3.7858     0.1246
    1759     3.8345     0.0836
    1762     3.7947     0.1224
    1765     3.7865     0.0575
    1768     3.7219     0.0455
    1771     3.7799     0.0519
    1774     3.8380     0.0583
    1777     3.6950    -0.0102
    1780     3.8454     0.0585
    1783     3.7494    -0.0016
    1786     3.8025     0.0408
    1789     3.7379     0.0486
    1792     3.8084    -0.0289
    1795     3.8788    -0.0168
    1798     3.8180    -0.0048
    1801     3.8045     0.0236
    1804     3.7910    -0.0357
    1807     3.8496    -0.0069
    1810     3.8702    -0.0177
    1813     3.9074    -0.0219
    1816     3.8988    -0.0113
    1819     3.8626    -0.0296
    1822     3.8465    -0.0154
    1825     3.8409    -0.0509
    1828     3.8353    -0.0864
    1831     3.8297    -0.0766
    1834     3.9244    -0.0246
    1837     3.9208    -0.0189
    1840     3.9375    -0.0169
    1843     3.9487    -0.0497
    1846     3.8939    -0.0352
    1849     3.8646    -0.0790
    1852     3.8796    -0.0844
    1855     3.8947    -0.0863
    1858     3.9469    -0.0547
    1861     3.8983    -0.0811
    1864     3.8496    -0.1076
    1867     3.8883    -0.1158
    1870     3.9026    -0.0871
    1873     3.9169    -0.1052
    1876     3.9509    -0.1232
    1879     3.9680    -0.0986
    1882     3.9153    -0.1551
    1885     3.8783    -0.1495
    1888     3.9661    -0.1436
    1891     3.9456    -0.1020
    1894     4.0043    -0.0968
    1897     3.9243    -0.1452
    1900     3.8953    -0.1638
    1903     3.9496    -0.1242
    1906     3.9375    -0.1071
    1909     3.9828    -0.0981
    1912     3.9361    -0.1228
    1915     3.9769    -0.1176
    1918     4.0811    -0.1042
    1921     4.0502    -0.0983
    1924     4.0193    -0.0924
    1927     4.0343    -0.0968
    1930     3.9917    -0.1096
    1933     3.9703    -0.1113
    1936     4.0449    -0.0954
    1939     4.0566    -0.1064
    1942     3.9983    -0.1136
    1945     4.0288    -0.1305
    1948     4.0762    -0.0312
    1951     4.0562    -0.1277
    1954     4.0362    -0.0828
    1957     4.0897    -0.0575
    1960     4.0854    -0.0778
    1963     4.1093    -0.0594
    1966     4.1049    -0.0517
    1969     4.1372    -0.0599
    1972     4.0813    -0.1038
    1975     4.1069    -0.0458
    1978     4.1297    -0.0128
    1981     4.1056    -0.0337
    1984     4.0815    -0.0546
    1987     4.1486    -0.0478
    1990     4.1634     0.0119
    1993     4.1255    -0.0063
    1996     4.0877    -0.0347
    1999     4.1079    -0.0297
    2002     4.1054     0.0098
    2005     4.1030    -0.0363
    2008     4.1956     0.0401
    2011     4.2118     0.0215
    2014     4.2280     0.0028
    2017     4.2539     0.0496
    2020     4.2027     0.0346
    2023     4.0734    -0.0316
    2026     4.2060     0.0639
    2029     4.1998     0.0426
    2032     4.2746     0.0577
    2035     4.2083     0.0357
    2038     4.2809     0.0913
    2041     4.2447     0.0527
    2044     4.2085     0.0140
    2047     4.2927     0.0783
    2050     4.2642     0.0498
    2053     4.2215     0.0159
    2056     4.2721     0.0402
    2059     4.2835     0.0256
    2062     4.1720     0.0233
    2065     4.2899     0.0219
    2068     4.2356     0.0285
    2071     4.2490     0.0352
    2074     4.2624     0.0419
    2077     4.2667     0.0390
    2080     4.3329     0.0845
    2083     4.2386     0.0232
    2086     4.2064    -0.0181
    2089     4.2847    -0.0075
    2092     4.2902     0.0318
    2095     4.3236     0.0056
    2098     4.2510    -0.0306
    2101     4.3087    -0.0240
    2104     4.1850    -0.0067
    2107     4.2459    -0.0277
    2110     4.2406    -0.0401
    2113     4.2202    -0.0844
    2116     4.2177    -0.0491
    2119     4.2875    -0.0112
    2122     4.2386    -0.0180
    2125     4.2334    -0.0678
    2128     4.2243    -0.0303
    2131     4.1991    -0.0518
    2134     4.2363    -0.1044
    2137     4.2765    -0.0659
    2140     4.2063    -0.0918
    2143     4.1616    -0.1418
    2146     4.2232    -0.1595
    2149     4.1773    -0.1130
    2152     4.1971    -0.0642
    2155     4.2170    -0.1137
    2158     4.1911    -0.1246
    2161     4.2093    -0.1167
    2164     4.2276    -0.1088
    2167     4.0937    -0.1117
    2170     4.3081    -0.1073
    2173     4.3234    -0.1079
    2176     4.2504    -0.1022
    2179     4.2213    -0.1427
    2182     4.2439    -0.1227
    2185     4.2665    -0.1028
    2188     4.3095    -0.0602
    2191     4.3348    -0.0694
    2194     4.3601    -0.0786
    2197     4.3090    -0.1357
    2200     4.2178    -0.1705
    2203     4.3321    -0.1137
    2206     4.3028    -0.0972
    2209     4.3330    -0.0848
    2212     4.4226    -0.0656
    2215     4.3165    -0.0818
    2218     4.4193    -0.0454
    2221     4.3674    -0.0779
    2224     4.3154    -0.1080
    2227     4.2376    -0.1302
    2230     4.2873    -0.1455
    2233     4.2546    -0.0927
    2236     4.2496    -0.1281
    2239     4.2797    -0.0758
    2242     4.2975    -0.1161
    2245     4.3293    -0.1045
    2248     4.3039    -0.0605
    2251     4.2615    -0.0778
    2254     4.2629    -0.0951
    2257     4.2919    -0.0541
    2260     4.3210    -0.0132
    2263     4.3500     0.0278
    2266     4.3791     0.0172
    2269     4.3304    -0.0781
    2272     4.2966    -0.1336
    2275     4.3513    -0.1374
    2278     4.3642    -0.1748
    2281     4.3725    -0.2043
    2284     4.3809    -0.2338
    2287     4.4158    -0.1904
    2290     4.4098    -0.2328
    2293     4.4044    -0.2125
    2296     4.4516    -0.2076
    2299     4.4257    -0.2300
    2302     4.4555    -0.6423
    2305     4.3640    -0.7098
    2308     4.3391    -0.0010
    2311     4.3869     0.1269
    2314     4.4347     0.2549
    2317     4.4042     0.2306
    2320     4.4035     0.2514
    2323     4.3663     0.2141
    2326     4.4040     0.2343
    2329     4.4137     0.2230
    2332     4.3632     0.2465
    2335     4.3127     0.1954
    2338     4.3905     0.1923
    2341     4.4191     0.2137
    2344     4.4477     0.2351
    2347     4.4252     0.2418
    2350     4.5364     0.2283
    2353     4.5147     0.2345
    2356     4.4929     0.2463
    2359     4.4954     0.2081
    2362     4.4779     0.2790
    2365     4.4604     0.2309
    2368     4.4916     0.2403
    2371     4.4758     0.2295
    2374     4.4600     0.2186
    2377     4.5072     0.2196
    2380     4.4653     0.2205
    2383     4.4880     0.2446
    2386     4.4899     0.2343
    2389     4.4825     0.2186
    2392     4.5075     0.1886
    2395     4.4053     0.2011
    2398     4.4426     0.2090
    2401     4.4599     0.2169
    2404     4.4772     0.2248
    2407     4.4996     0.2332
    2410     4.4628     0.1914
    2413     4.4277     0.1858
    2416     4.5076     0.2183
    2419     4.4489     0.1568
    2422     4.4426     0.2190
    2425     4.4363     0.1642
    2428     4.4978     0.1785
    2431     4.5179     0.1506
    2434     4.5381     0.1711
    2437     4.5332     0.1687
    2440     4.5809     0.1658
    2443     4.5404     0.1719
    2446     4.4776     0.1433
    2449     4.4602     0.1146
    2452     4.5085     0.1535
    2455     4.5671     0.1720
    2458     4.5148     0.1490
    2461     4.4514     0.1364
    2464     4.5646     0.1239
    2467     4.5072     0.1113
    2470     4.5637     0.1734
    2473     4.5222     0.1037
    2476     4.4714     0.1555
    2479     4.4601     0.1256
    2482     4.4731     0.1414
    2485     4.4861     0.1571
    2488     4.5132     0.1611
    2491     4.4755     0.1059
    2494     4.4378     0.0507
    2497     4.5531     0.0708
    2500     4.4001     0.0910
    2503     4.4058     0.0936
    2506     4.4165     0.0747
    2509     4.4045     0.0739
    2512     4.3990     0.0921
    2515     4.4138     0.0759
    2518     4.5258     0.0987
    2521     4.4632     0.0845
    2524     4.4006     0.0704
    2527     4.4285     0.0511
    2530     4.4860     0.0921
    2533     4.4924     0.1130
    2536     4.4762     0.1210
    2539     4.4925     0.1108
    2542     4.4587     0.1696
    2545     4.4248     0.0557
    2548     4.4593     0.0933
    2551     4.3813     0.1394
    2554     4.5238     0.1405
    2557     4.4715     0.1264
    2560     4.5299     0.1069
    2563     4.5041     0.1412
    2566     4.5068     0.1185
    2569     4.5417     0.1367
    2572     4.5095     0.1549
    2575     4.6360     0.2266
    2578     4.5104     0.1695
    2581     4.4870     0.1564
    2584     4.4636     0.1359
    2587     4.5089     0.1409
    2590     4.4428     0.1431
    2593     4.5108     0.0980
    2596     4.5370     0.1958
    2599     4.5032     0.1151
    2602     4.5306     0.1174
    2605     4.5549     0.1197
    2608     4.5526     0.1407
    2611     4.5447     0.1017
    2614     4.5091     0.0942
    2617     4.5122     0.0872
    2620     4.4549     0.0064
    2623     4.5739     0.1307
    2626     4.5515     0.1413
    2629     4.5618     0.1039
    2632     4.5773     0.1388
    2635     4.5744     0.1347
    2638     4.7120     0.1202
    2641     4.6414     0.1088
    2644     4.5708     0.0974
    2647     4.5840     0.0940
    2650     4.6157     0.0905
    2653     4.5626     0.1120
    2656     4.5566     0.0610
    2659     4.5774     0.0722
    2662     4.6081     0.0839
    2665     4.5496     0.0576
    2668     4.5961     0.0676
    2671     4.6140     0.0679
    2674     4.6319     0.0864
    2677     4.5986     0.0544
    2680     4.6632     0.1092
    2683     4.6391     0.0688
    2686     4.5537     0.0999
    2689     4.6272     0.0871
    2692     4.5839     0.0662
    2695     4.6132     0.0676
    2698     4.6542     0.0703
    2701     4.6902     0.0333
    2704     4.7262     0.0913
    2707     4.6608     0.0916
    2710     4.6745     0.0592
    2713     4.6325     0.0739
    2716     4.7066     0.1039
    2719     4.6509     0.0363
    2722     4.7454     0.0928
    2725     4.6954     0.0626
    2728     4.7073     0.0562
    2731     4.7008     0.0497
    2734     4.6943     0.0281
    2737     4.6667     0.0988
    2740     4.6551     0.0675
    2743     4.7181     0.0547
    2746     4.7390     0.0617
    2749     4.6892     0.0968
    2752     4.6677     0.0806
    2755     4.6411     0.0445
    2758     4.7065     0.0517
    2761     4.7408     0.0509
    2764     4.7752     0.0502
    2767     4.7982     0.0494
    2770     4.7896     0.0486
    2773     4.7810     0.0479
    2776     4.7724     0.0471
    2779     4.7638     0.0463
    2782     4.7568     0.0455
    2785     4.6346     0.0158
    2788     4.7301     0.0754
    2791     4.7390     0.0650
    2794     4.7479     0.0546
    2797     4.7682     0.0887
    2800     4.8117     0.1260
    2803     4.7267     0.0503
    2806     4.7423     0.0703
    2809     4.6782     0.0871
    2812     4.7886     0.1023
    2815     4.7292     0.1016
    2818     4.7883     0.0911
    2821     4.7446     0.0805
    2824     4.7009     0.0661
    2827     4.7513     0.0601
    2830     4.7596     0.0761
    2833     4.7077     0.0306
    2836     4.6623     0.0236
    2839     4.7440     0.0929
    2842     4.7530     0.0522
    2845     4.7218     0.0657
    2848     4.7997     0.1506
    2851     4.7694     0.0996
    2854     4.7392     0.0486
    2857     4.7347     0.0916
    2860     4.7286     0.0876
    2863     4.6894     0.0836
    2866     4.6633     0.0796
    2869     4.7393     0.1019
    2872     4.8203     0.1176
    2875     4.6855     0.0731
    2878     4.6309     0.0336
    2881     4.6783     0.0768
    2884     4.7295     0.1199
    2887     4.6149     0.0719
    2890     4.6973     0.0977
    2893     4.6686     0.1235
    2896     4.7576     0.1390
    2899     4.6745     0.0644
    2902     4.7283     0.1339
    2905     4.7053     0.1115
    2908     4.7469     0.1225
    2911     4.7257     0.1336
    2914     4.7044     0.1447
    2917     4.6986     0.1458
    2920     4.6692     0.1341
    2923     4.6399     0.1539
    2926     4.5849     0.1527
    2929     4.6166     0.1515
    2932     4.7051     0.1254
    2935     4.6908     0.1587
    2938     4.7588     0.1770
    2941     4.7274     0.1953
    2944     4.6959     0.2136
    2947     4.6144     0.1918
    2950     4.7724     0.1926
    2953     4.6886     0.1933
    2956     4.6049     0.1941
    2959     4.7181     0.1949
    2962     4.6735     0.2348
    2965     4.6568     0.2136
    2968     4.7179     0.2670
    2971     4.6921     0.2536
    2974     4.6663     0.2402
    2977     4.6276     0.1776
    2980     4.6553     0.1998
    2983     4.6787     0.2059
    2986     4.6579     0.2054
    2989     4.6655     0.2223
    2992     4.6490     0.2206
    2995     4.6896     0.2184
    2998     4.6488     0.2461
    3001     4.6781     0.2172
    3004     4.7075     0.1883
    3007     4.7127     0.1660
    3010     4.7416     0.2334
    3013     4.6857     0.1780
    3016     4.7874     0.2050
    3019     4.7125     0.1659
    3022     4.6709     0.1756
    3025     4.7368     0.1922
    3028     4.7095     0.1987
    3031     4.7604     0.1919
    3034     4.8113     0.1852
    3037     4.6826     0.1785
    3040     4.7474     0.1717
    3043     4.7199     0.1501
    3046     4.7257     0.1286
    3049     4.7314     0.1070
    3052     4.7135     0.1592
    3055     4.7580     0.3383
    3058     4.8188     0.3218
    3061     4.8113     0.2718
    3064     4.8038     0.2218
    3067     4.7964     0.1718
    3070     4.7889     0.1218
    3073     4.7815     0.0718
    3076     4.7819     0.0519
    3079     4.7472     0.0537
    3082     4.7852     0.0818
    3085     4.7675     0.0561
    3088     4.7438     0.1014
    3091     4.8115     0.0912
    3094     4.8792     0.0810
    3097     4.7614     0.0825
    3100     4.8548     0.0973
    3103     4.7787     0.1120
    3106     4.7025     0.0808
    3109     4.8802     0.1288
    3112     4.8138     0.1445
    3115     4.8019     0.1602
    3118     4.7866     0.0330
    3121     4.7919     0.0496
    3124     4.7972     0.0662
    3127     4.8025     0.0828
    3130     4.8078     0.0994
    3133     4.8131     0.1160
    3136     4.8185     0.1326
    3139     4.8541     0.1492
    3142     4.8107     0.1035
    3145     4.8639     0.1476
    3148     4.8319     0.1801
    3151     4.8409     0.1602
    3154     4.8499     0.1403
    3157     4.8333     0.1710
    3160     4.8483     0.1650
    3163     4.8282     0.1827
    3166     4.9325     0.1842
    3169     4.8383     0.1728
    3172     4.7724     0.1660
    3175     4.9442     0.1592
    3178     4.8438     0.1488
    3181     4.8544     0.2030
    3184     4.8651     0.1741
    3187     4.8695     0.1452
    3190     4.9585     0.2429
    3193     4.8714     0.2119
    3196     4.7843     0.2181
    3199     4.8723     0.2244
    3202     4.9089     0.2040
    3205     4.9328     0.2179
    3208     4.9208     0.2318
    3211     4.9115     0.2457
    3214     4.8818     0.2478
    3217     4.9220     0.2498
    3220     4.8967     0.2519
    3223     4.8715     0.2540
    3226     5.0220     0.2561
    3229     4.8730     0.2582
    3232     4.9682     0.2979
    3235     4.9310     0.2883
    3238     4.9066     0.2779
    3241     4.8821     0.2716
    3244     4.8577     0.2653
    3247     4.9576     0.3189
    3250     4.8822     0.2908
    3253     5.0088     0.2727
    3256     4.8825     0.2546
    3259     4.9321     0.3377
    3262     4.9703     0.3518
    3265     4.9048     0.3659
    3268     4.9443     0.3797
    3271     4.8970     0.3647
    3274     4.8928     0.3497
    3277     4.9126     0.3863
    3280     4.9297     0.4038
    3283     4.9186     0.3789
    3286     4.9110     0.4078
    3289     4.9486     0.4449
    3292     4.9430     0.3794
    3295     4.9262     0.4106
    3298     4.9095     0.4419
    3301     4.9316     0.4475
    3304     4.9537     0.4531
    3307     4.8209     0.4586
    3310     4.9910     0.4640
    3313     4.9073     0.4694
    3316     4.9193     0.4749
    3319     4.9280     0.4559
    3322     4.9704     0.4741
    3325     4.9284     0.4711
    3328     4.9052     0.5207
    3331     4.9338     0.4597
    3334     4.9624     0.5330
    3337     4.8795     0.4765
    3340     4.8749     0.4986
    3343     4.8428     0.4793
    3346     4.8890     0.4786
    3349     4.9383     0.4848
    3352     4.9139     0.4817
    3355     4.8939     0.4801
    3358     4.9209     0.4955
    3361     4.9382     0.5047
    3364     4.9556     0.5138
    3367     4.9686     0.4939
    3370     4.9039     0.4855
    3373     4.8913     0.4840
    3376     4.9273     0.4542
    3379     4.8429     0.4683
    3382     4.9001     0.4289
    3385     4.7854     0.4511
    3388     4.9043     0.4732
    3391     4.9943     0.4662
    3394     4.9286     0.4592
    3397     4.8889     0.4523
    3400     4.8744     0.4346
    3403     4.8904     0.4305
    3406     4.9618     0.4264
    3409     4.8766     0.4446
    3412     4.8718     0.4363
    3415     4.9165     0.4611
    3418     4.8819     0.4258
    3421     4.8958     0.3916
    3424     4.9096     0.4501
    3427     4.8680     0.4287
    3430     4.9266     0.4198
    3433     4.9164     0.4249
    3436     4.9163     0.4183
    3439     4.9122     0.3959
    3442     4.9761     0.4864
    3445     4.8683     0.4074
    3448     4.9700     0.3952
    3451     4.9795     0.4242
    3454     4.9890     0.4532
    3457     4.9682     0.4299
    3460     5.0072     0.4065
    3463     5.0392     0.4339
    3466     4.9577     0.4436
    3469     4.9624     0.4045
    3472     4.8945     0.3662
    3475     5.0193     0.4059
    3478     5.0363     0.4035
    3481     5.0198     0.4114
    3484     5.0033     0.4193
    3487     4.9726     0.4272
    3490     5.0369     0.4680
    3493     5.0577     0.4405
    3496     5.0587     0.4256
    3499     4.9408     0.3977
    3502     4.9017     0.4287
    3505     4.9271     0.3965
    3508     4.9820     0.4400
    3511     4.9899     0.4315
    3514     4.9977     0.4231
    3517     4.9160     0.3922
    3520     5.0009     0.4407
    3523     5.0045     0.4496
    3526     5.0220     0.4751
    3529     5.0093     0.4938
    3532     5.0106     0.4258
    3535     5.0098     0.4560
    3538     5.0283     0.4416
    3541     5.0332     0.4738
    3544     5.0381     0.4993
    3547     5.0045     0.4550
    3550     5.0353     0.4549
    3553     5.0265     0.4558
    3556     5.0625     0.4934
    3559     5.0707     0.4911
    3562     5.0227     0.4584
    3565     5.0528     0.4882
    3568     4.9561     0.4936
    3571     5.0221     0.5237
    3574     5.0881     0.5539
    3577     5.0954     0.5444
    3580     5.0505     0.5348
    3583     5.1179     0.5101
    3586     5.0013     0.4853
    3589     4.9651     0.4536
    3592     4.9756     0.4711
    3595     5.0991     0.5146
    3598     5.1237     0.5185
    3601     5.0069     0.4959
    3604     5.0251     0.4733
    3607     5.0137     0.5229
    3610     5.1524     0.5280
    3613     5.1112     0.5501
    3616     5.0669     0.5099
    3619     5.0392     0.5300
    3622     5.1124     0.5134
    3625     5.1360     0.5549
    3628     5.0509     0.5191
    3631     5.0609     0.5186
    3634     5.0710     0.5180
    3637     5.0936     0.5284
    3640     5.1160     0.5479
    3643     5.1034     0.5372
    3646     5.1157     0.5558
    3649     5.1094     0.5324
    3652     5.0526     0.5168
    3655     4.9950     0.5298
    3658     5.1334     0.5745
    3661     4.9335     0.4827
    3664     5.0251     0.4997
    3667     5.0478     0.5405
    3670     4.9967     0.5307
    3673     4.9938     0.4866
    3676     5.0263     0.4904
    3679     5.0582     0.4851
    3682     5.0228     0.4807
    3685     5.0278     0.4963
    3688     5.0475     0.5556
    3691     5.0244     0.5068
    3694     5.0337     0.4579
    3697     5.0821     0.5262
    3700     5.0821     0.5132
    3703     5.0095     0.4960
    3706     5.0152     0.4636
    3709     5.0261     0.5097
    3712     5.0341     0.5131
    3715     5.0572     0.5185
    3718     5.0437     0.5201
    3721     5.0267     0.4883
    3724     5.1004     0.5081
    3727     5.0476     0.4933
    3730     5.0736     0.5191
    3733     5.0698     0.4931
    3736     5.0528     0.5231
    3739     5.0858     0.5143
    3742     5.0912     0.5030
    3745     5.0265     0.4856
    3748     5.1004     0.5015
    3751     5.0825     0.5127
    3754     5.0647     0.5238
    3757     5.0587     0.5022
    3760     5.0552     0.4806
    3763     5.0255     0.4878
    3766     5.1118     0.5200
    3769     5.1149     0.5408
    3772     5.0786     0.4963
    3775     5.0713     0.5219
    3778     5.1030     0.5232
    3781     5.1000     0.5310
    3784     5.0969     0.5204
    3787     5.0904     0.5098
    3790     5.0890     0.4991
    3793     5.0736     0.5318
    3796     5.1261     0.5162
    3799     5.1092     0.5448
    3802     5.1214     0.5683
    3805     5.1575     0.5196
    3808     5.1693     0.5093
    3811     5.0408     0.4839
    3814     5.0838     0.4828
    3817     5.0987     0.4811
    3820     5.1520     0.5542
    3823     5.1560     0.5529
    3826     5.0862     0.4510
    3829     5.1482     0.5328
    3832     5.1506     0.5312
    3835     5.1523     0.5311
    3838     5.2151     0.5310
    3841     5.1946     0.5420
    3844     5.1741     0.5530
    3847     5.1756     0.5369
    3850     5.1151     0.5289
    3853     5.1109     0.4855
    3856     5.2199     0.5544
    3859     5.0909     0.4950
    3862     5.1701     0.5459
    3865     5.2003     0.5446
    3868     5.1763     0.4968
    3871     5.1505     0.4892
    3874     5.1247     0.5251
    3877     5.1678     0.5469
    3880     5.1720     0.5390
    3883     5.1220     0.5216
    3886     5.2120     0.5680
    3889     5.2075     0.5553
    3892     5.1779     0.4996
    3895     5.1555     0.5056
    3898     5.1518     0.5078
    3901     5.1398     0.5143
    3904     5.1278     0.5131
    3907     5.1792     0.5255
    3910     5.1726     0.5250
    3913     5.1772     0.5412
    3916     5.1900     0.4925
    3919     5.1774     0.5037
    3922     5.1571     0.5246
    3925     5.1266     0.5215
    3928     5.1022     0.5184
    3931     5.1387     0.5152
    3934     5.1752     0.5121
    3937     5.1746     0.5089
    3940     5.1708     0.5058
    3943     5.1442     0.5027
    3946     5.1870     0.5040
    3949     5.2317     0.4938
    3952     5.1517     0.4878
    3955     5.1369     0.4726
    3958     5.1465     0.4669
    3961     5.0968     0.4547
    3964     5.0819     0.4424
    3967     5.1494     0.4781
    3970     5.1583     0.4601
    3973     5.1378     0.4862
    3976     5.1849     0.5124
    3979     5.1131     0.5119
    3982     5.2461     0.5151
    3985     5.1519     0.4814
    3988     5.2184     0.4744
    3991     5.2172     0.5049
    3994     5.2160     0.5353
    3997     5.1797     0.4943
    4000     5.1476     0.5075
    4003     5.1911     0.5563
    4006     5.1081     0.5514
    4009     5.1702     0.5119
    4012     5.1253     0.4670
    4015     5.2012     0.5177
    4018     5.0653     0.5140
    4021     5.0869     0.5103
    4024     5.1085     0.5066
    4027     5.1674     0.5029
    4030     5.1895     0.5688
    4033     5.1641     0.4921
    4036     5.1369     0.5025
    4039     5.1753     0.4798
    4042     5.1811     0.4964
    4045     5.1525     0.4835
    4048     5.1968     0.4802
    4051     5.1522     0.4974
    4054     5.0986     0.4891
    4057     5.1873     0.4843
    4060     5.1781     0.5339
    4063     5.1213     0.4919
    4066     5.1931     0.5191
    4069     5.1547     0.5038
    4072     5.1629     0.5658
    4075     5.1247     0.5130
    4078     5.0865     0.4602
    4081     5.1131     0.4892
    4084     5.1397     0.5123
    4087     5.1417     0.5014
    4090     5.1222     0.5038
    4093     5.1372     0.5336
    4096     5.2045     0.5587
    4099     5.1077     0.5365
    4102     5.1098     0.5143
    4105     5.1552     0.5159
    4108     5.1855     0.5176
    4111     5.2035     0.5192
    4114     5.2214     0.5209
    4117     5.1776     0.5225
    4120     5.1341     0.4984
    4123     5.1530     0.5068
    4126     5.1362     0.5055
    4129     5.1559     0.5043
    4132     5.0956     0.4561
    4135     5.2177     0.4944
    4138     5.1608     0.5222
    4141     5.1567     0.5017
    4144     5.1526     0.4813
    4147     5.2110     0.5120
    4150     5.2302     0.5463
    4153     5.1741     0.5147
    4156     5.2074     0.5160
    4159     5.2126     0.5342
    4162     5.1444     0.5247
    4165     5.1755     0.5276
    4168     5.2061     0.5073
    4171     5.2102     0.5771
    4174     5.2144     0.5525
    4177     5.3163     0.5688
    4180     5.2363     0.6158
    4183     5.1787     0.5804
    4186     5.1820     0.5887
    4189     5.1603     0.6084
    4192     5.1374     0.6280
    4195     5.3034     0.6119
    4198     5.2317     0.5957
    4201     5.2178     0.5842
    4204     5.2040     0.6059
    4207     5.2565     0.6276
    4210     5.2044     0.5826
    4213     5.3331     0.6126
    4216     5.2325     0.5911
    4219     5.2114     0.5926
    4222     5.2473     0.6077
    4225     5.2754     0.6117
    4228     5.2435     0.6157
    4231     5.2547     0.6225
    4234     5.2659     0.6229
    4237     5.2771     0.6179
    4240     5.2963     0.6535
    4243     5.3052     0.6619
    4246     5.3096     0.6800
    4249     5.2729     0.6584
    4252     5.2867     0.6345
    4255     5.3229     0.6106
    4258     5.3855     0.6717
    4261     5.3588     0.6800
    4264     5.3321     0.6883
    4267     5.3378     0.6244
    4270     5.3280     0.6813
    4273     5.2397     0.6043
    4276     5.3193     0.6347
    4279     5.3335     0.6772
    4282     5.2873     0.6738
    4285     5.2809     0.6704
    4288     5.2547     0.6670
    4291     5.2868     0.6636
    4294     5.2727     0.6538
    4297     5.3887     0.6536
    4300     5.2776     0.6534
    4303     5.2944     0.6474
    4306     5.2926     0.6166
    4309     5.2573     0.6026
    4312     5.3231     0.6168
    4315     5.2966     0.6028
    4318     5.2665     0.6055
    4321     5.2521     0.6014
    4324     5.3063     0.6373
    4327     5.3397     0.6182
    4330     5.2806     0.5726
    4333     5.3088     0.5803
    4336     5.2974     0.6266
    4339     5.3164     0.6034
    4342     5.2665     0.6407
    4345     5.3476     0.6239
    4348     5.2994     0.6180
    4351     5.3067     0.6567
    4354     5.2862     0.5995
    4357     5.3560     0.6577
    4360     5.2927     0.6898
    4363     5.3387     0.6088
    4366     5.3075     0.6423
    4369     5.2749     0.6276
    4372     5.2304     0.5996
    4375     5.2430     0.5717
    4378     5.2043     0.6383
    4381     5.2468     0.6353
    4384     5.2892     0.6322
    4387     5.2961     0.6320
    4390     5.2656     0.6297
    4393     5.2534     0.5994
    4396     5.3115     0.6319
    4399     5.2606     0.5811
    4402     5.2861     0.6155
    4405     5.2803     0.6337
    4408     5.3185     0.6294
    4411     5.3059     0.6416
    4414     5.2932     0.6538
    4417     5.3096     0.6075
    4420     5.3015     0.6128
    4423     5.2243     0.5899
    4426     5.4042     0.6602
    4429     5.2979     0.5951
    4432     5.2507     0.6033
    4435     5.2893     0.6432
    4438     5.2585     0.6790
    4441     5.2385     0.6658
    4444     5.2462     0.6526
    4447     5.3214     0.6756
    4450     5.3633     0.6744
    4453     5.2181     0.6700
    4456     5.2881     0.6655
    4459     5.3580     0.6611
    4462     5.3014     0.6594
    4465     5.3152     0.6577
    4468     5.1870     0.6560
    4471     5.2220     0.6526
    4474     5.2571     0.6491
    4477     5.3071     0.6997
    4480     5.3602     0.6813
    4483     5.3274     0.7165
    4486     5.2600     0.6668
    4489     5.2918     0.6667
    4492     5.3016     0.6947
    4495     5.2942     0.6816
    4498     5.3193     0.7146
    4501     5.2627     0.6937
    4504     5.2061     0.6728
    4507     5.2891     0.6519
    4510     5.2839     0.6699
    4513     5.3326     0.6878
    4516     5.2642     0.6935
    4519     5.2983     0.7111
    4522     5.3306     0.7640
    4525     5.3265     0.7019
    4528     5.3363     0.7369
    4531     5.2884     0.7315
    4534     5.2405     0.7261
    4537     5.2549     0.7207
    4540     5.2955     0.7625
    4543     5.3668     0.7332
    4546     5.2944     0.7336
    4549     5.3679     0.7341
    4552     5.2821     0.7345
    4555     5.3118     0.7350
    4558     5.3365     0.7354
    4561     5.3490     0.7359
    4564     5.3616     0.7363
    4567     5.2991     0.7014
    4570     5.2265     0.7347
    4573     5.3489     0.7680
    4576     5.3688     0.7603
    4579     5.3927     0.7639
    4582     5.3710     0.7942
    4585     5.3334     0.7340
    4588     5.3421     0.7317
    4591     5.3265     0.7293
    4594     5.3110     0.7269
    4597     5.4300     0.7508
    4600     5.2779     0.7569
    4603     5.3645     0.7473
    4606     5.3251     0.7643
    4609     5.3527     0.7512
    4612     5.3415     0.7282
    4615     5.4128     0.7473
    4618     5.3997     0.7371
    4621     5.3914     0.7252
    4624     5.3831     0.7436
    4627     5.3877     0.8132
    4630     5.4037     0.7575
    4633     5.3120     0.7264
    4636     5.3173     0.7423
    4639     5.3609     0.7582
    4642     5.2551     0.7572
    4645     5.3018     0.7562
    4648     5.3529     0.7552
    4651     5.2809     0.7057
    4654     5.3823     0.7002
    4657     5.3639     0.6948
    4660     5.3229     0.6893
    4663     5.2897     0.6786
    4666     5.3506     0.6923
    4669     5.3933     0.7208
    4672     5.3659     0.6924
    4675     5.3530     0.6703
    4678     5.3844     0.7017
    4681     5.3569     0.7114
    4684     5.4318     0.7211
    4687     5.3550     0.7134
    4690     5.3083     0.7057
    4693     5.3676     0.6980
    4696     5.3584     0.6596
    4699     5.3550     0.7002
    4702     5.3492     0.6660
    4705     5.3565     0.7371
    4708     5.3575     0.7208
    4711     5.3795     0.7046
    4714     5.4015     0.6883
    4717     5.3367     0.7092
    4720     5.3843     0.7443
    4723     5.3075     0.6665
    4726     5.3549     0.6627
    4729     5.3577     0.6590
    4732     5.3546     0.6553
    4735     5.3884     0.6515
    4738     5.3525     0.6484
    4741     5.3566     0.6554
    4744     5.3606     0.6623
    4747     5.3165     0.6784
    4750     5.4168     0.6738
    4753     5.4405     0.6693
    4756     5.3731     0.6648
    4759     5.3127     0.6626
    4762     5.3499     0.6604
    4765     5.4018     0.6770
    4768     5.3402     0.6535
    4771     5.3341     0.6584
    4774     5.3279     0.6633
    4777     5.3075     0.6682
    4780     5.4017     0.6731
    4783     5.3300     0.6362
    4786     5.3823     0.6581
    4789     5.3144     0.6708
    4792     5.4025     0.6835
    4795     5.3562     0.6696
    4798     5.4254     0.6673
    4801     5.3756     0.6866
    4804     5.3258     0.6902
    4807     5.4229        NaN
    4810     5.3888        NaN
    4813     5.3369        NaN
    4816     5.3359        NaN
    4819     5.3797        NaN
    4822     5.3905        NaN
    4825     5.3452        NaN
    4828     5.3744        NaN
    4831     5.3850        NaN
    4834     5.3956     0.7145
    4837     5.4531     0.7175
    4840     5.3588     0.7337
    4843     5.4382     0.7545
    4846     5.3364     0.6671
    4849     5.3717     0.6881
    4852     5.3609     0.7150
    4855     5.3996     0.7039
    4858     5.4013     0.7404
    4861     5.3903     0.7384
    4864     5.3792     0.7364
    4867     5.4334     0.7493
    4870     5.4533     0.7195
    4873     5.4227     0.6897
    4876     5.3809     0.6973
    4879     5.4515     0.7177
    4882     5.4186     0.7289
    4885     5.3879     0.7037
    4888     5.5213     0.7298
    4891     5.4578     0.7080
    4894     5.3944     0.6862
    4897     5.3939     0.7198
    4900     5.4869     0.7166
    4903     5.4619     0.6986
    4906     5.3372     0.6806
    4909     5.4103     0.6626
    4912     5.4258     0.6447
    4915     5.3639     0.6267
    4918     5.4636     0.6715
    4921     5.4801     0.6705
    4924     5.4966     0.6611
    4927     5.4428     0.7091
    4930     5.4356     0.7084
    4933     5.4589     0.6747
    4936     5.3768     0.6417
    4939     5.4425     0.6312
    4942     5.4582     0.6785
    4945     5.4399     0.6739
    4948     5.5337     0.6833
    4951     5.4891     0.6881
    4954     5.4446     0.6790
    4957     5.4349     0.6699
    4960     5.4953     0.7036
    4963     5.4801     0.6625
    4966     5.4570     0.6568
    4969     5.4501     0.6341
    4972     5.4060     0.6360
    4975     5.3619     0.6380
    4978     5.4047     0.6501
    4981     5.4112     0.6615
    4984     5.4176     0.6728
    4987     5.5270     0.6787
    4990     5.4103     0.6845
    4993     5.3912     0.6904
    4996     5.5021     0.6962
    4999     5.4194     0.7021
    5002     5.4603     0.7079
    5005     5.5069     0.7138
    5008     5.4978     0.7030
    5011     5.4113     0.7025
    5014     5.4698     0.7021
    5017     5.4580     0.6883
    5020     5.4713     0.6745
    5023     5.5378     0.7381
    5026     5.5682     0.7341
    5029     5.4946     0.7301
    5032     5.5355     0.7261
    5035     5.4554     0.6827
    5038     5.4707     0.7495
    5041     5.4695     0.7320
    5044     5.4684     0.7425
    5047     5.5319     0.7529
    5050     5.5365     0.7362
    5053     5.3981     0.7194
    5056     5.5173     0.7682
    5059     5.4925     0.7556
    5062     5.4665     0.7281
    5065     5.5206     0.7436
    5068     5.4885     0.7310
    5071     5.4479     0.7260
    5074     5.4109     0.7211
    5077     5.4917     0.7882
    5080     5.4794     0.7763
    5083     5.5608     0.7643
    5086     5.5114     0.7779
    5089     5.4710     0.7914
    5092     5.4626     0.8188
    5095     5.4569     0.7977
    5098     5.4751     0.7651
    5101     5.4537     0.8123
    5104     5.5016     0.8116
    5107     5.4854     0.8026
    5110     5.4430     0.8080
    5113     5.4901     0.8092
    5116     5.4747     0.8277
    5119     5.4624     0.8156
    5122     5.4861     0.8119
    5125     5.4539     0.8331
    5128     5.4870     0.8341
    5131     5.4224     0.8421
    5134     5.4562     0.8500
    5137     5.4713     0.8380
    5140     5.5070     0.8173
    5143     5.4444     0.8179
    5146     5.4548     0.8210
    5149     5.4728     0.8444
    5152     5.4777     0.8380
    5155     5.4962     0.8513
    5158     5.4295     0.8236
    5161     5.4769     0.7958
    5164     5.5244     0.8397
    5167     5.4961     0.8174
    5170     5.5393     0.8014
    5173     5.4977     0.7855
    5176     5.5551     0.7695
    5179     5.6442     0.7536
    5182     5.4523     0.7376
    5185     5.5263     0.8188
    5188     5.4838     0.8260
    5191     5.4332     0.8356
    5194     5.5509     0.8063
    5197     5.5310     0.8182
    5200     5.5028     0.7804
    5203     5.4823     0.7873
    5206     5.5897     0.7828
    5209     5.5003     0.8094
    5212     5.5675     0.8359
    5215     5.4906     0.8432
    5218     5.5621     0.8505
    5221     5.5650     0.8173
    5224     5.5680     0.8146
    5227     5.5954     0.7951
    5230     5.5429     0.7933
    5233     5.6039     0.7891
    5236     5.5362     0.7850
    5239     5.4979     0.7883
    5242     5.6217     0.7916
    5245     5.6059     0.7949
    5248     5.5557     0.8063
    5251     5.5673     0.8019
    5254     5.5789     0.7974
    5257     5.6622     0.8126
    5260     5.6169     0.7404
    5263     5.6283     0.7840
    5266     5.5712     0.7664
    5269     5.6384     0.7987
    5272     5.7056     0.7479
    5275     5.7727     0.7786
    5278     5.6659     0.7750
    5281     5.6390     0.7771
    5284     5.6122     0.7791
    5287     5.6378     0.7845
    5290     5.7001     0.8184
    5293     5.5607     0.7695
    5296     5.5674     0.7995
    5299     5.5449     0.8049
    5302     5.6490     0.7812
    5305     5.6465     0.7675
    5308     5.6128     0.7946
    5311     5.5928     0.7616
    5314     5.5729     0.7819
    5317     5.6420     0.8195
    5320     5.5734     0.7924
    5323     5.5328     0.7825
    5326     5.5859     0.8119
    5329     5.5848     0.8072
    5332     5.5952     0.7831
    5335     5.5436     0.8065
    5338     5.5751     0.7934
    5341     5.5729     0.8219
    5344     5.5706     0.8505
    5347     5.6163     0.8120
    5350     5.6170     0.8621
    5353     5.5919     0.8652
    5356     5.5216     0.8683
    5359     5.6391     0.8714
    5362     5.6468     0.8538
    5365     5.6120     0.8361
    5368     5.5724     0.8079
    5371     5.5887     0.8151
    5374     5.6051     0.8223
    5377     5.6122     0.8296
    5380     5.6194     0.8368
    5383     5.5884     0.8440
    5386     5.5839     0.8512
    5389     5.5530     0.8585
    5392     5.5931     0.8671
    5395     5.5829     0.8757
    5398     5.5830     0.8843
    5401     5.5785     0.8963
    5404     5.5740     0.9084
    5407     5.5608     0.9204
    5410     5.6343     0.9607
    5413     5.5780     0.9763
    5416     5.6017     0.9576
    5419     5.5881     0.9245
    5422     5.6527     0.9910
    5425     5.6014     0.9895
    5428     5.5903     0.9879
    5431     5.5921     0.9864
    5434     5.5938     0.9848
    5437     5.5471     0.9818
    5440     5.6559     0.9815
    5443     5.6659     0.9170
    5446     5.5979     0.9528
    5449     5.5503     0.9887
    5452     5.6064     1.0069
    5455     5.6596     1.0153
    5458     5.6308     1.0236
    5461     5.6200     1.0341
    5464     5.6092     1.0445
    5467     5.6534     1.0317
    5470     5.6620     1.0507
    5473     5.6207     1.0339
    5476     5.5536     1.0171
    5479     5.6545     1.0467
    5482     5.6574     1.0763
    5485     5.6180     1.0285
    5488     5.7012     1.0631
    5491     5.5584     1.0251
    5494     5.6660     1.0353
    5497     5.6499     1.0455
    5500     5.5914     1.0366
    5503     5.6104     1.0278
    5506     5.6466     1.0567
    5509     5.7272     1.0857
    5512     5.6824     1.1002
    5515     5.6375     1.1148
    5518     5.5927     1.1293
    5521     5.5962     1.1439
    5524     5.5997     1.1584
    5527     5.6386     1.1657
    5530     5.7016     1.1730
    5533     5.6307     1.1144
    5536     5.6298     1.1313
    5539     5.6614     1.0837
    5542     5.5834     1.0867
    5545     5.6464     1.0907
    5548     5.5797     1.0726
    5551     5.5677     1.0546
    5554     5.5557     1.0365
    5557     5.7736     1.0092
    5560     5.6419     1.0692
    5563     5.7253     1.0363
    5566     5.7190     1.0405
    5569     5.6577     1.0168
    5572     5.6810     0.9931
    5575     5.7541     0.9999
    5578     5.7636     1.0181
    5581     5.7628     1.0129
    5584     5.7620     1.0077
    5587     5.6492     0.9644
    5590     5.6863     0.9210
    5593     5.6450     0.9398
    5596     5.5750     0.9312
    5599     5.6440     0.9226
    5602     5.7103     0.9141
    5605     5.6630     0.8888
    5608     5.6795     0.8635
    5611     5.7253     0.8527
    5614     5.7711     0.8419
    5617     5.8301     0.8311
    5620     5.6829     0.8203
    5623     5.6350     0.8095
    5626     5.7656     0.8517
    5629     5.8124     0.8678
    5632     5.7415     0.8451
    5635     5.7973     0.8223
    5638     5.7374     0.8622
    5641     5.7348     0.8450
    5644     5.7321     0.8279
    5647     5.7195     0.7930
    5650     5.7649     0.8034
    5653     5.7889     0.8323
    5656     5.7729     0.8177
    5659     5.7842     0.8032
    5662     5.7519     0.7657
    5665     5.8223     0.7743
    5668     5.7618     0.7857
    5671     5.8166     0.7913
    5674     5.8713     0.7969
    5677     5.8340     0.7943
    5680     5.8261     0.8387
    5683     5.7647     0.7760
    5686     5.8414     0.7702
    5689     5.7994        NaN
    5692     5.8691        NaN
    5695     5.8154        NaN
    5698     5.8123        NaN
    5701     5.8105        NaN
    5704     5.8086        NaN
    5707     5.7646        NaN
    5710     5.6831        NaN
    5713     5.8033        NaN
    5716     5.8104     0.8775
    5719     5.8250     0.8571
    5722     5.8560     0.8892
    5725     5.8105     0.9183
    5728     5.8252     0.9063
    5731     5.8370     0.9097
    5734     5.8488     0.9131
    5737     5.9581     0.9102
    5740     5.8741     0.8793
    5743     5.9279     0.9589
    5746     5.8617     0.9079
    5749     5.8766     0.9300
    5752     5.8474     0.9443
    5755     5.7880     0.9411
    5758     5.9143     0.9099
    5761     5.8834        NaN
    5764     5.8524        NaN
    5767     5.8208        NaN
    5770     5.9778        NaN
    5773     5.8836        NaN
    5776     5.8266        NaN
    5779     5.9008        NaN
    5782     5.8027        NaN
    5785     5.8310        NaN
    5788     5.8991        NaN
    5791     5.9251        NaN
    5794     5.9081     1.0173
    5797     5.8762     1.0543
    5800     5.9485     1.0529
    5803     5.9072     1.0516
    5806     5.8231     1.0331
    5809     5.8347     1.0083
    5812     5.7599     1.0592
    5815     5.8100     1.0495
    5818     5.8191     1.0820
    5821     5.7941     1.0698
    5824     5.7691     1.0576
    5827     5.7182     1.0802
    5830     5.8554     1.1029
    5833     5.8706     1.1255
    5836     5.8102     1.1154
    5839     5.8189     1.0979
    5842     5.8737     1.1207
    5845     5.8511     1.1154
    5848     5.7873     1.1100
    5851     5.8105     1.0719
    5854     5.8337     1.0868
    5857     5.8414     1.1017
    5860     5.9234     1.1097
    5863     5.7506     1.1177
    5866     5.7999     1.1257
    5869     5.8112     1.1337
    5872     5.7262     1.1417
    5875     5.8417     1.1285
    5878     5.8613     1.1152
    5881     5.7296     1.0774
    5884     5.8233     1.1174
    5887     5.7265     1.1411
    5890     5.8450     1.1647
    5893     5.8618     1.1255
    5896     5.8537     1.1296
    5899     5.8360     1.1243
    5902     5.8901     1.1349
    5905     5.8025     1.1384
    5908     5.8828     1.1286
    5911     5.8179     1.1325
    5914     5.7530     1.1365
    5917     5.8369     1.1404
    5920     5.8887     1.1009
    5923     5.8909     1.1037
    5926     5.9147     1.0765
    5929     5.8237     1.0492
    5932     5.7315     1.0220
    5935     5.8021     1.0364
    5938     5.8503     1.0508
    5941     5.8687     1.0870
    5944     5.8871     1.1231
    5947     5.9003     1.0663
    5950     5.7677     1.0708
    5953     5.8086     1.0752
    5956     5.8606     1.0418
    5959     5.9071     1.0240
    5962     5.7718     1.0063
    5965     5.8635     1.0088
    5968     5.7858     1.0114
    5971     5.8324     1.0140
    5974     5.8790     1.0345
    5977     5.9256     1.0550
    5980     5.9156     1.0463
    5983     5.8980     1.0227
    5986     5.9028     1.0022
    5989     5.9588     0.9909
    5992     6.0038     0.9998
    5995     5.9518     0.9670
    5998     5.9430     0.9631
    6001     5.9342     0.9592
    6004     5.9254     0.9554
    6007     5.9166     0.9515
    6010     5.9078     0.9476
    6013     5.9425     0.9354
    6016     5.9660     0.9767
    6019     5.9711     0.9604
    6022     5.8942     0.9440
    6025     5.9831     0.9277
    6028     6.0012     0.9134
    6031     5.9995     0.9345
    6034     5.9978     0.9555
    6037     5.9964     0.9679
    6040     5.9779     0.9617
    6043     5.9707     0.9670
    6046     5.9864     0.9494
    6049     5.8986     0.9317
    6052     5.9641     0.9299
    6055     5.9455     0.9247
    6058     5.8279     0.9196
    6061     5.8574     0.9467
    6064     5.8869     0.9435
    6067     6.0543     0.9864
    6070     5.9815     1.0294
    6073     5.8908     0.9914
    6076     5.9649     0.9534
    6079     5.9646     0.9759
    6082     6.0048     0.9983
    6085     5.9470     0.9571
    6088     5.9860     1.0265
    6091     5.9732     1.0074
    6094     5.9604     0.9883
    6097     5.9599     0.9762
    6100     6.0003     1.0283
    6103     6.0187     1.0064
    6106     5.9985     1.0018
    6109     6.0060     0.9851
    6112     5.9423     0.9685
    6115     5.9459     0.9555
    6118     5.9787     1.0002
    6121     6.0153     1.0085
    6124     6.0030     1.0167
    6127     5.9725     0.9843
    6130     5.9807     0.9807
    6133     5.9636     0.9771
    6136     5.9756     0.9736
    6139     5.9910     1.0432
    6142     5.9478     0.9978
    6145     5.9402     0.9524
    6148     5.9200     0.9923
    6151     5.9568     1.0063
    6154     5.9137     1.0204
    6157     5.9350     1.0265
    6160     5.9009     1.0327
    6163     5.8967     1.0388
    6166     5.9260     1.0449
    6169     5.8715     0.9904
    6172     5.8669     1.0343
    6175     5.9088     1.0781
    6178     5.9828     1.0589
    6181     5.9184     1.0397
    6184     5.9888     1.0976
    6187     5.8982     1.0591
    6190     5.9114     1.0456
    6193     5.9347     1.0696
    6196     5.7979     1.0935
    6199     6.0006     1.1175
    6202     5.9230     1.0758
    6205     5.9249     1.0780
    6208     5.8753     1.0878
    6211     5.9025     1.1189
    6214     5.9298     1.0840
    6217     5.9421     1.0385
    6220     5.9394     1.0759
    6223     5.9460     1.0908
    6226     5.8560     1.1057
    6229     5.9667     1.0862
    6232     5.9569     1.1143
    6235     5.9736     1.1222
    6238     5.9564     1.1301
    6241     5.9865     1.1379
    6244     5.9088     1.0741
    6247     5.8141     1.0677
    6250     5.8472     1.1000
    6253     5.9927     1.1323
    6256     5.9176     1.1176
    6259     6.0091     1.1397
    6262     6.0510     1.1149
    6265     5.9377     1.1341
    6268     6.0218     1.1640
    6271     5.9849     1.1189
    6274     5.9894     1.1511
    6277     5.9221     1.1704
    6280     6.0821     1.1896
    6283     5.9072     1.1501
    6286     5.9850     1.1105
    6289     5.9651     1.0975
    6292     6.0927     1.1549
    6295     6.0461     1.1926
    6298     5.9096     1.1744
    6301     5.9815     1.1562
    6304     6.0534     1.1380
    6307     6.0359     1.1198
    6310     6.0140     1.0967
    6313     6.0687     1.0763
    6316     6.1109     1.1428
    6319     6.0835     1.0926
    6322     6.0491     1.0954
    6325     6.0595     1.1033
    6328     5.9788     1.1157
    6331     6.0486     1.1282
    6334     6.1184     1.1406
    6337     6.0482     1.1237
    6340     6.1285     1.1243
    6343     6.1135     1.0823
    6346     6.0559     1.0741
    6349     6.0628     1.0513
    6352     6.1289     1.0941
    6355     6.1562     1.0454
    6358     6.1296     1.0944
    6361     6.1264     1.0991
    6364     6.1232     1.0598
    6367     6.1170     1.0593
    6370     6.2203     1.0736
    6373     6.2864     1.0391
    6376     6.1300     1.0309
    6379     6.1436     1.0254
    6382     6.0786     0.9902
    6385     6.1333     1.0369
    6388     6.1026     0.9910
    6391     6.1265     0.9969
    6394     6.1504     1.0028
    6397     6.2002     1.0087
    6400     6.1520     1.0314
    6403     6.1464     1.0118
    6406     6.1247     0.9921
    6409     6.1519     0.9921
    6412     6.1394     0.9921
    6415     6.1525     0.9921
    6418     6.1102     0.9922
    6421     6.1598     0.9922
    6424     6.2094     0.9922
    6427     6.1635     0.9981
    6430     6.1828     1.0040
    6433     6.2423     0.9806
    6436     6.2403     0.9572
    6439     6.2131     1.0053
    6442     6.1963     1.0001
    6445     6.2412     0.9913
    6448     6.1810     0.9825
    6451     6.1927     1.0275
    6454     6.2045     0.9847
    6457     6.2458     0.9744
    6460     6.1550     0.9980
    6463     6.0980     1.0397
    6466     6.2753     1.0470
    6469     6.1352     0.9932
    6472     6.1659     0.9873
    6475     6.1512     0.9989
    6478     6.1815     1.0150
    6481     6.1059     1.0406
    6484     6.1708     1.0662
    6487     6.1915     1.0345
    6490     6.2419     1.0601
    6493     6.1539     1.0354
    6496     6.1591     1.0328
    6499     6.2204     1.0543
    6502     6.2172     1.0759
    6505     6.2086     1.0975
    6508     6.1278     1.1076
    6511     6.2149     1.1176
    6514     6.2416     1.1277
    6517     6.1177     1.0798
    6520     6.1806     1.0957
    6523     6.2083     1.0697
    6526     6.0592     1.0436
    6529     6.1831     1.0853
    6532     6.1178     1.1064
    6535     6.1279     1.1021
    6538     6.1619     1.1383
    6541     6.1025     1.1259
    6544     6.1334     1.1136
    6547     6.0970     1.1199
    6550     6.0626     1.1263
    6553     6.0938     1.1326
    6556     6.1410     1.1390
    6559     6.1212     1.1607
    6562     6.1102     1.1305
    6565     6.1145     1.1747
    6568     6.1277     1.1331
    6571     6.0963     1.1248
    6574     6.0648     1.1165
    6577     6.1120     1.0901
    6580     6.0879     1.1425
    6583     6.0824     1.1299
    6586     6.0801     1.1565
    6589     6.0340     1.1562
    6592     6.0666     1.1377
    6595     6.0931     1.1375
    6598     6.1039     1.1373
    6601     6.0625     1.1372
    6604     5.9170     1.1370
    6607     6.0953     1.1368
    6610     6.1754     1.1291
    6613     6.0276     1.1976
    6616     6.1662     1.1567
    6619     6.1404     1.1211
    6622     5.9971     1.1186
    6625     6.1367     1.1160
    6628     6.0973     1.1072
    6631     6.0890     1.0984
    6634     6.0807     1.0897
    6637     6.1115     1.0456
    6640     6.1427     1.1623
    6643     6.1125     1.1184
    6646     6.1061     1.0964
    6649     6.0993     1.0579
    6652     6.1580     1.1167
    6655     6.1433     1.1489
    6658     6.1295     1.1024
    6661     6.1113     1.1055
    6664     6.0932     1.1087
    6667     6.0389     1.0732
    6670     6.0932     1.0376
    6673     6.1499     1.0589
    6676     6.1452     1.0808
    6679     6.1573     1.0678
    6682     6.1741     1.0781
    6685     6.1051     1.0528
    6688     6.2155     1.0724
    6691     6.1831     1.0920
    6694     6.1506     1.0310
    6697     6.1784     1.0254
    6700     6.2123     1.0981
    6703     6.3053     1.1086
    6706     6.1910     1.0273
    6709     6.2969     1.0443
    6712     6.2783     1.0269
    6715     6.2131     1.0962
    6718     6.1864     1.0171
    6721     6.1938     1.0425
    6724     6.2011     0.9967
    6727     6.1863     1.0479
    6730     6.2409     1.0382
    6733     6.2495     1.0773
    6736     6.1979     1.0201
    6739     6.2314     1.0734
    6742     6.2121     1.0669
    6745     6.1679     1.0066
    6748     6.2885     1.0198
    6751     6.2454     1.0342
    6754     6.2023     1.0105
    6757     6.0931     1.0354
    6760     6.2130     1.0489
    6763     6.2486     0.9862
    6766     6.2099     1.0502
    6769     6.2323     1.0114
    6772     6.1748     1.0144
    6775     6.2278     1.0175
    6778     6.2152     1.0205
    6781     6.2026     1.1090
    6784     6.1900     1.1201
    6787     6.1774     1.0252
    6790     6.1648     1.0407
    6793     6.2343     1.0530
    6796     6.3578     1.1393
    6799     6.2566     1.0914
    6802     6.3128     1.1162
    6805     6.2515     1.0497
    6808     6.2144     1.0822
    6811     6.2152     1.0756
    6814     6.2159     1.0183
    6817     6.1996     1.0267
    6820     6.1771     1.0352
    6823     6.2271     1.0504
    6826     6.2779     1.0595
    6829     6.2323     1.0671
    6832     6.2296     1.0262
    6835     6.1611     1.0930
    6838     6.3425     1.1514
    6841     6.1726     1.0702
    6844     6.1508     1.0738
    6847     6.3280     1.1338
    6850     6.2056     1.1041
    6853     6.1619     1.1017
    6856     6.2147     1.0895
    6859     6.2618     1.1244
    6862     6.2088     1.1384
    6865     6.2143     1.1330
    6868     6.1779     1.1408
    6871     6.1958     1.1487
    6874     6.2136     1.1565
    6877     6.2253     1.2115
    6880     6.1964     1.1512
    6883     6.2036     1.1747
    6886     6.1733     1.1105
    6889     6.2175     1.1648
    6892     6.2325     1.1850
    6895     6.2277     1.1884
    6898     6.1784     1.1789
    6901     6.1976     1.2059
    6904     6.1708     1.2289
    6907     6.1849     1.2392
    6910     6.2386     1.2557
    6913     6.1196     1.2135
    6916     6.1982     1.2110
    6919     6.1419     1.2085
    6922     6.1162     1.1987
    6925     6.1513     1.2438
    6928     6.1571     1.2279
    6931     6.1581     1.2676
    6934     6.1418     1.2709
    6937     6.0333     1.2741
    6940     6.1555     1.2774
    6943     6.0273     1.2721
    6946     6.1984     1.2648
    6949     6.0393     1.2574
    6952     6.1183     1.2630
    6955     6.0548     1.2687
    6958     6.1122     1.2743
    6961     6.0938     1.2720
    6964     6.1040     1.2530
    6967     6.1094     1.2483
    6970     6.1087     1.2436
    6973     6.1548     1.2597
    6976     6.0928     1.2759
    6979     6.2758     1.2613
    6982     6.1766     1.3305
    6985     6.1618     1.3064
    6988     6.1881     1.2592
    6991     6.0909     1.2682
    6994     6.0725     1.2529
    6997     6.1400     1.2795
    7000     6.1069     1.2165
    7003     6.0635     1.2503
    7006     6.1520     1.2841
    7009     6.1307     1.2724
    7012     6.1445     1.2338
    7015     6.1389     1.2302
    7018     6.1194     1.2266
    7021     6.1586     1.2229
    7024     6.1978     1.2193
    7027     6.1733     1.2128
    7030     6.1345     1.2060
    7033     6.2042     1.1759
    7036     6.1445     1.1458
    7039     6.1769     1.1674
    7042     6.3057     1.1889
    7045     6.2256     1.2104
    7048     6.2001     1.1671
    7051     6.2179     1.1546
    7054     6.2358     1.1420
    7057     6.1995     1.1817
    7060     6.2285     1.1684
    7063     6.2780     1.1681
    7066     6.2493     1.1679
    7069     6.2610     1.1827
    7072     6.1880     1.0960
    7075     6.3412     1.1152
    7078     6.3046     1.1344
    7081     6.2618     1.1697
    7084     6.2190     1.0397
    7087     6.1937     1.0515
    7090     6.2592     1.1295
    7093     6.2109     1.0559
    7096     6.3127     1.1548
    7099     6.2379     1.1462
    7102     6.2432     1.0341
    7105     6.2420     1.0825
    7108     6.2884     1.1564
    7111     6.3347     1.2303
    7114     6.3810     1.3043
    7117     6.2787     1.2875
    7120     6.2377     1.2709
    7123     6.2929     1.2754
    7126     6.2715     1.2621
    7129     6.3096     1.2487
    7132     6.2751     1.2247
    7135     6.4202     1.2175
    7138     6.2755     1.2104
    7141     6.3038     1.2165
    7144     6.3321     1.2226
    7147     6.3646     1.2098
    7150     6.2866     1.2128
    7153     6.2970     1.2125
    7156     6.2640     1.1726
    7159     6.2125     1.1948
    7162     6.3552     1.2171
    7165     6.2230     1.2185
    7168     6.2267     1.2199
    7171     6.2607     1.2213
    7174     6.2948     1.2227
    7177     6.3536     1.2241
    7180     6.3227     1.1775
    7183     6.3457     1.2114
    7186     6.3183     1.1829
    7189     6.3629     1.2406
    7192     6.3682     1.2022
    7195     6.2743     1.2049
    7198     6.3017     1.2076
    7201     6.2521     1.2123
    7204     6.2026     1.2424
    7207     6.3550     1.2726
    7210     6.2960     1.2436
    7213     6.3216     1.2146
    7216     6.2910     1.2261
    7219     6.2535     1.2296
    7222     6.3423     1.2332
    7225     6.2945     1.2367
    7228     6.2311     1.1094
    7231     6.2699     1.1535
    7234     6.3086     1.1591
    7237     6.1659     1.1220
    7240     6.2267     1.1548
    7243     6.3021     1.1808
    7246     6.2442     1.1988
    7249     6.2856     1.1787
    7252     6.2434     1.1459
    7255     6.3216     1.1912
    7258     6.2759     1.1959
    7261     6.1786     1.1988
    7264     6.3076     1.2018
    7267     6.1833     1.2048
    7270     6.3011     1.2077
    7273     6.2687     1.2340
    7276     6.2069     1.2257
    7279     6.3113     1.2456
    7282     6.2281     1.2167
    7285     6.3325     1.2627
    7288     6.2060     1.2010
    7291     6.2191     1.2206
    7294     6.2322     1.2403
    7297     6.1674     1.2311
    7300     6.1419     1.2064
    7303     6.1092     1.2129
    7306     6.1107     1.2194
    7309     6.2016     1.2260
    7312     6.1159     1.2325
    7315     6.2069     1.2390
    7318     6.1583     1.2455
    7321     6.1644     1.2518
    7324     6.1322     1.2581
    7327     6.1240     1.2574
    7330     6.2117     1.3099
    7333     6.1871     1.2792
    7336     6.1619     1.2650
    7339     6.1730     1.2742
    7342     6.1322     1.2600
    7345     6.0326     1.2460
    7348     6.0104     1.2741
    7351     6.1106     1.2923
    7354     6.2109     1.2912
    7357     6.0820     1.2606
    7360     6.1981     1.2870
    7363     6.2015     1.2906
    7366     6.1987     1.2611
    7369     6.2325     1.3033
    7372     6.1877     1.3196
    7375     6.2245     1.3107
    7378     6.1780     1.3017
    7381     6.1637     1.2928
    7384     6.1654     1.2942
    7387     6.1672     1.2957
    7390     6.1689     1.2971
    7393     6.1707     1.2986
    7396     6.1724     1.3000
    7399     6.1742     1.3015
    7402     6.1759     1.3029
    7405     6.1777     1.3044
    7408     6.1794     1.3058
    7411     6.1811     1.3073
    7414     6.1829     1.3087
    7417     6.1846     1.3102
    7420     6.1864     1.3116
    7423     6.1881     1.3131
    7426     6.1899     1.3145
    7429     6.1916     1.3160
    7432     6.1934     1.3174
    7435     6.1951     1.3189
    7438     6.1969     1.3203
